1 0.8185096153846154 0.9447115384615384 0.19951923076923078 0.10817307692307693
1 0.6742788461538461 0.859375 0.21875 0.1658653846153846
1 0.5612980769230769 0.7223557692307693 0.21875 0.1658653846153846
1 0.8737980769230769 0.6947115384615384 0.21875 0.1658653846153846
1 0.7151442307692307 0.5841346153846154 0.1971153846153846 0.15144230769230768
1 0.8810096153846154 0.484375 0.23076923076923078 0.1466346153846154
1 0.6334134615384616 0.22596153846153846 0.22596153846153846 0.1778846153846154
1 0.3918269230769231 0.2704326923076923 0.23076923076923078 0.17548076923076922
1 0.21634615384615385 0.8088942307692307 0.23076923076923078 0.16346153846153846
1 0.14182692307692307 0.24639423076923078 0.23076923076923078 0.16346153846153846
1 0.6502403846153846 0.41225961538461536 0.22596153846153846 0.1778846153846154
1 0.9002403846153846 0.2644230769230769 0.19471153846153846 0.16346153846153846
1 0.8004807692307693 0.06370192307692307 0.22596153846153846 0.125
2 0.30649038461538464 0.5721153846153846 0.46634615384615385 0.3605769230769231
0 0.3942307692307692 0.12740384615384615 0.14423076923076922 0.125
0 0.039663461538461536 0.15625 0.07451923076923077 0.07211538461538461