1 0.6742788461538461 0.7151442307692307 0.22115384615384615 0.1875
1 0.3786057692307692 0.9026442307692307 0.22115384615384615 0.1875
1 0.19230769230769232 0.5300480769230769 0.22115384615384615 0.1875
1 0.2692307692307692 0.3629807692307692 0.20673076923076922 0.16826923076923078
1 0.1935096153846154 0.23317307692307693 0.20673076923076922 0.16826923076923078
1 0.37259615384615385 0.15985576923076922 0.21153846153846154 0.16826923076923078
1 0.09735576923076923 0.7355769230769231 0.19230769230769232 0.16105769230769232
1 0.4375 0.5480769230769231 0.1875 0.1875
1 0.18389423076923078 0.07572115384615384 0.19951923076923078 0.1466346153846154
1 0.5060096153846154 0.42427884615384615 0.1971153846153846 0.17307692307692307
1 0.5745192307692307 0.5925480769230769 0.22115384615384615 0.17307692307692307
1 0.8088942307692307 0.6430288461538461 0.20673076923076922 0.14903846153846154
1 0.5432692307692307 0.20793269230769232 0.14182692307692307 0.2091346153846154
2 0.7512019230769231 0.3088942307692308 0.2980769230769231 0.24519230769230768
0 0.8954326923076923 0.5480769230769231 0.07211538461538461 0.057692307692307696
0 0.7572115384615384 0.12740384615384615 0.06009615384615385 0.04807692307692308