0 0.17427884615384615 0.5588942307692307 0.06971153846153846 0.08173076923076923
2 0.5661057692307693 0.5276442307692307 0.24278846153846154 0.3173076923076923
1 0.6526442307692307 0.30408653846153844 0.2283653846153846 0.22115384615384615
1 0.7788461538461539 0.5901442307692307 0.16105769230769232 0.21875
1 0.9194711538461539 0.7680288461538461 0.15865384615384615 0.21875
1 0.9194711538461539 0.8653846153846154 0.15865384615384615 0.21875
1 0.8233173076923077 0.9362980769230769 0.15384615384615385 0.12259615384615384
1 0.5889423076923077 0.7800480769230769 0.16826923076923078 0.13942307692307693
1 0.29086538461538464 0.3449519230769231 0.15384615384615385 0.23076923076923078
1 0.6237980769230769 0.11658653846153846 0.15625 0.2283653846153846
1 0.8629807692307693 0.3713942307692308 0.15384615384615385 0.23076923076923078
1 0.29086538461538464 0.8605769230769231 0.18269230769230768 0.21153846153846154
1 0.05889423076923077 0.6911057692307693 0.11298076923076923 0.21875
1 0.09254807692307693 0.25600961538461536 0.18028846153846154 0.21394230769230768
1 0.0733173076923077 0.08533653846153846 0.14182692307692307 0.1658653846153846
1 0.3293269230769231 0.15745192307692307 0.15384615384615385 0.23076923076923078
1 0.20192307692307693 0.06971153846153846 0.13942307692307693 0.1346153846153846