2 0.5865384615384616 0.625 0.33653846153846156 0.27884615384615385
1 0.20552884615384615 0.7163461538461539 0.24519230769230768 0.1875
1 0.6346153846153846 0.4206730769230769 0.25240384615384615 0.1466346153846154
1 0.1971153846153846 0.2247596153846154 0.23557692307692307 0.14423076923076922
1 0.12379807692307693 0.2608173076923077 0.23557692307692307 0.14423076923076922
1 0.18509615384615385 0.5504807692307693 0.2403846153846154 0.18269230769230768
1 0.7307692307692307 0.22115384615384615 0.15865384615384615 0.15865384615384615
1 0.2776442307692308 0.055288461538461536 0.23557692307692307 0.11057692307692307
1 0.7463942307692307 0.09375 0.21875 0.1778846153846154
1 0.4206730769230769 0.3870192307692308 0.24519230769230768 0.18269230769230768
1 0.40384615384615385 0.20673076923076922 0.24519230769230768 0.18269230769230768
1 0.5504807692307693 0.8233173076923077 0.25240384615384615 0.1466346153846154
0 0.27884615384615385 0.8233173076923077 0.07932692307692307 0.05048076923076923