1 0.6370192307692307 0.6442307692307693 0.23557692307692307 0.1971153846153846
1 0.7067307692307693 0.4831730769230769 0.25961538461538464 0.16826923076923078
1 0.7463942307692307 0.33413461538461536 0.17067307692307693 0.15865384615384615
1 0.8161057692307693 0.2920673076923077 0.1778846153846154 0.17307692307692307
1 0.8870192307692307 0.07572115384615384 0.20673076923076922 0.14903846153846154
1 0.28725961538461536 0.19471153846153846 0.19951923076923078 0.125
1 0.4170673076923077 0.9074519230769231 0.22115384615384615 0.15144230769230768
1 0.8617788461538461 0.7776442307692307 0.20673076923076922 0.16346153846153846
1 0.22235576923076922 0.7692307692307693 0.21875 0.17307692307692307
1 0.20192307692307693 0.5456730769230769 0.18269230769230768 0.14423076923076922
1 0.15625 0.4675480769230769 0.1971153846153846 0.13942307692307693
2 0.4723557692307692 0.3629807692307692 0.46634615384615385 0.3173076923076923