1 0.6237980769230769 0.5793269230769231 0.23076923076923078 0.1971153846153846
1 0.4795673076923077 0.7872596153846154 0.20432692307692307 0.15384615384615385
1 0.8990384615384616 0.921875 0.1971153846153846 0.15144230769230768
1 0.6947115384615384 0.8545673076923077 0.20192307692307693 0.19471153846153846
1 0.37259615384615385 0.4807692307692308 0.1778846153846154 0.14903846153846154
1 0.24639423076923078 0.5252403846153846 0.23317307692307693 0.16346153846153846
1 0.1310096153846154 0.5480769230769231 0.23317307692307693 0.16346153846153846
1 0.4411057692307692 0.2980769230769231 0.1778846153846154 0.18269230769230768
1 0.07692307692307693 0.1502403846153846 0.14903846153846154 0.18028846153846154
1 0.24879807692307693 0.21995192307692307 0.24759615384615385 0.22115384615384615
1 0.11298076923076923 0.3870192307692308 0.22596153846153846 0.16346153846153846
1 0.8966346153846154 0.1045673076923077 0.20192307692307693 0.1875
1 0.18028846153846154 0.6911057692307693 0.21875 0.16105769230769232
1 0.8677884615384616 0.43990384615384615 0.21875 0.16105769230769232
1 0.3245192307692308 0.8689903846153846 0.21875 0.16105769230769232
0 0.8533653846153846 0.5721153846153846 0.09615384615384616 0.0625
0 0.7932692307692307 0.9723557692307693 0.10096153846153846 0.052884615384615384
2 0.6911057692307693 0.27403846153846156 0.35096153846153844 0.3125