1 0.28365384615384615 0.5324519230769231 0.21153846153846154 0.16826923076923078
1 0.3269230769230769 0.4026442307692308 0.17548076923076922 0.13701923076923078
1 0.7692307692307693 0.13701923076923078 0.25961538461538464 0.1346153846153846
1 0.6394230769230769 0.8990384615384616 0.21153846153846154 0.16826923076923078
1 0.5516826923076923 0.33653846153846156 0.21634615384615385 0.17067307692307693
1 0.5432692307692307 0.46033653846153844 0.20192307692307693 0.15144230769230768
1 0.5336538461538461 0.5540865384615384 0.19230769230769232 0.15384615384615385
1 0.13341346153846154 0.3245192307692308 0.19230769230769232 0.15384615384615385
1 0.4879807692307692 0.055288461538461536 0.21153846153846154 0.10817307692307693
1 0.3233173076923077 0.28725961538461536 0.19230769230769232 0.15384615384615385
1 0.6442307692307693 0.7560096153846154 0.21634615384615385 0.1466346153846154
1 0.39302884615384615 0.8076923076923077 0.22596153846153846 0.18269230769230768
1 0.1971153846153846 0.7463942307692307 0.22596153846153846 0.18269230769230768
2 0.8137019230769231 0.5685096153846154 0.3701923076923077 0.375