1 0.4050480769230769 0.3016826923076923 0.16105769230769232 0.1875
1 0.5745192307692307 0.25961538461538464 0.17307692307692307 0.18990384615384615
1 0.8185096153846154 0.18629807692307693 0.17307692307692307 0.21875
1 0.9122596153846154 0.5384615384615384 0.17067307692307693 0.22115384615384615
1 0.41586538461538464 0.5444711538461539 0.17307692307692307 0.21875
1 0.4098557692307692 0.7572115384615384 0.17307692307692307 0.21875
1 0.5516826923076923 0.8040865384615384 0.19230769230769232 0.25
1 0.6550480769230769 0.6057692307692307 0.16346153846153846 0.21153846153846154
1 0.7536057692307693 0.6574519230769231 0.1778846153846154 0.24519230769230768
1 0.7403846153846154 0.4254807692307692 0.1778846153846154 0.18028846153846154
1 0.8040865384615384 0.8942307692307693 0.1875 0.20673076923076922
1 0.28725961538461536 0.7115384615384616 0.14182692307692307 0.21875
1 0.07932692307692307 0.6766826923076923 0.15625 0.21634615384615385
1 0.09375 0.4807692307692308 0.15625 0.20432692307692307
1 0.7151442307692307 0.3629807692307692 0.12980769230769232 0.23557692307692307
2 0.19230769230769232 0.19831730769230768 0.3557692307692308 0.3918269230769231