1 0.84375 0.4567307692307692 0.21634615384615385 0.1778846153846154
1 0.59375 0.6838942307692307 0.19951923076923078 0.15625
1 0.4206730769230769 0.84375 0.25 0.18269230769230768
1 0.33533653846153844 0.6514423076923077 0.25 0.18269230769230768
1 0.5673076923076923 0.14182692307692307 0.14903846153846154 0.1778846153846154
1 0.15144230769230768 0.5132211538461539 0.1778846153846154 0.14182692307692307
1 0.28846153846153844 0.5252403846153846 0.1778846153846154 0.14182692307692307
1 0.09014423076923077 0.11658653846153846 0.1778846153846154 0.14182692307692307
1 0.20552884615384615 0.9002403846153846 0.1778846153846154 0.14182692307692307
2 0.4014423076923077 0.07451923076923077 0.2644230769230769 0.14423076923076922
0 0.7379807692307693 0.055288461538461536 0.07932692307692307 0.0625
0 0.7115384615384616 0.5877403846153846 0.07692307692307693 0.052884615384615384
0 0.7319711538461539 0.5300480769230769 0.07692307692307693 0.052884615384615384
0 0.7740384615384616 0.6286057692307693 0.08173076923076923 0.0625