1 0.6658653846153846 0.6850961538461539 0.17307692307692307 0.21153846153846154
1 0.9170673076923077 0.44711538461538464 0.15384615384615385 0.1971153846153846
1 0.8557692307692307 0.22956730769230768 0.15865384615384615 0.20432692307692307
1 0.23076923076923078 0.5661057692307693 0.1346153846153846 0.21153846153846154
1 0.4182692307692308 0.8161057692307693 0.13221153846153846 0.1778846153846154
1 0.17067307692307693 0.6490384615384616 0.1346153846153846 0.18990384615384615
1 0.07211538461538461 0.07572115384615384 0.14182692307692307 0.14903846153846154
1 0.11298076923076923 0.4026442307692308 0.12980769230769232 0.17307692307692307
1 0.6586538461538461 0.41346153846153844 0.13942307692307693 0.18990384615384615
1 0.4963942307692308 0.171875 0.19471153846153846 0.22596153846153846
1 0.17067307692307693 0.20552884615384615 0.14423076923076922 0.23076923076923078
1 0.7307692307692307 0.23918269230769232 0.15384615384615385 0.21394230769230768
1 0.5492788461538461 0.8509615384615384 0.13942307692307693 0.18990384615384615
2 0.4206730769230769 0.45913461538461536 0.2860576923076923 0.37740384615384615
0 0.07932692307692307 0.8990384615384616 0.0673076923076923 0.07211538461538461