1 0.6334134615384616 0.5168269230769231 0.20432692307692307 0.28846153846153844
1 0.26322115384615385 0.8221153846153846 0.15144230769230768 0.24519230769230768
1 0.09254807692307693 0.8677884615384616 0.15144230769230768 0.24519230769230768
1 0.3737980769230769 0.1814903846153846 0.14903846153846154 0.19951923076923078
1 0.3786057692307692 0.38461538461538464 0.1658653846153846 0.25240384615384615
1 0.4338942307692308 0.6117788461538461 0.1658653846153846 0.25240384615384615
1 0.08533653846153846 0.4362980769230769 0.16826923076923078 0.24519230769230768
1 0.1814903846153846 0.26322115384615385 0.21634615384615385 0.2403846153846154
1 0.890625 0.5252403846153846 0.20673076923076922 0.2668269230769231
1 0.7487980769230769 0.2848557692307692 0.18269230769230768 0.24759615384615385
2 0.6418269230769231 0.8112980769230769 0.3317307692307692 0.37259615384615385
0 0.05048076923076923 0.3137019230769231 0.057692307692307696 0.0673076923076923