1 0.3762019230769231 0.5793269230769231 0.23076923076923078 0.1971153846153846
1 0.5204326923076923 0.7872596153846154 0.20432692307692307 0.15384615384615385
1 0.10096153846153846 0.921875 0.1971153846153846 0.15144230769230768
1 0.30528846153846156 0.8545673076923077 0.20192307692307693 0.19230769230769232
1 0.6274038461538461 0.4807692307692308 0.1778846153846154 0.14903846153846154
1 0.7536057692307693 0.5252403846153846 0.23317307692307693 0.16346153846153846
1 0.8689903846153846 0.5480769230769231 0.23317307692307693 0.16346153846153846
1 0.5588942307692307 0.2980769230769231 0.1778846153846154 0.18269230769230768
1 0.9230769230769231 0.1502403846153846 0.14903846153846154 0.18028846153846154
1 0.7512019230769231 0.21995192307692307 0.24759615384615385 0.22115384615384615
1 0.8858173076923077 0.38822115384615385 0.22355769230769232 0.1658653846153846
1 0.10336538461538461 0.1045673076923077 0.20192307692307693 0.1875
1 0.8197115384615384 0.6911057692307693 0.21875 0.16105769230769232
1 0.13221153846153846 0.43990384615384615 0.21875 0.16105769230769232
1 0.6754807692307693 0.8689903846153846 0.21875 0.16105769230769232
0 0.1466346153846154 0.5721153846153846 0.09615384615384616 0.0625
0 0.20673076923076922 0.9723557692307693 0.10096153846153846 0.052884615384615384
2 0.3088942307692308 0.27403846153846156 0.35096153846153844 0.3125