1 0.6322115384615384 0.5240384615384616 0.18990384615384615 0.1201923076923077
1 0.4483173076923077 0.8377403846153846 0.19951923076923078 0.1971153846153846
1 0.6213942307692307 0.6430288461538461 0.23076923076923078 0.16105769230769232
1 0.4723557692307692 0.3269230769230769 0.28846153846153844 0.20432692307692307
1 0.3161057692307692 0.11057692307692307 0.20432692307692307 0.10576923076923077
1 0.8016826923076923 0.7956730769230769 0.20432692307692307 0.10576923076923077
1 0.23557692307692307 0.8834134615384616 0.19951923076923078 0.11538461538461539
1 0.078125 0.09735576923076923 0.15144230769230768 0.1658653846153846
1 0.31490384615384615 0.4050480769230769 0.1875 0.16346153846153846
2 0.23076923076923078 0.6129807692307693 0.32211538461538464 0.30528846153846156
0 0.08052884615384616 0.26322115384615385 0.0673076923076923 0.04807692307692308
1 0.8040865384615384 0.6634615384615384 0.19951923076923078 0.14903846153846154