1 0.6478365384615384 0.47475961538461536 0.17067307692307693 0.2403846153846154
1 0.6670673076923077 0.11538461538461539 0.16346153846153846 0.22596153846153846
1 0.4699519230769231 0.46875 0.19230769230769232 0.28846153846153844
1 0.8269230769230769 0.49158653846153844 0.16105769230769232 0.19951923076923078
1 0.7740384615384616 0.2800480769230769 0.14423076923076922 0.20192307692307693
1 0.30649038461538464 0.1466346153846154 0.15625 0.19230769230769232
1 0.17067307692307693 0.6466346153846154 0.18269230769230768 0.18269230769230768
1 0.33413461538461536 0.5685096153846154 0.13942307692307693 0.16346153846153846
1 0.3425480769230769 0.7067307692307693 0.13942307692307693 0.23557692307692307
1 0.9459134615384616 0.5564903846153846 0.10336538461538461 0.29086538461538464
1 0.23557692307692307 0.36538461538461536 0.18028846153846154 0.25961538461538464
2 0.5456730769230769 0.7680288461538461 0.33653846153846156 0.42788461538461536