1 0.41586538461538464 0.20673076923076922 0.17307692307692307 0.14903846153846154
1 0.6875 0.6201923076923077 0.17307692307692307 0.2403846153846154
1 0.47475961538461536 0.6466346153846154 0.17307692307692307 0.2403846153846154
1 0.8521634615384616 0.5480769230769231 0.18269230769230768 0.24278846153846154
1 0.40865384615384615 0.8918269230769231 0.18028846153846154 0.21153846153846154
1 0.17067307692307693 0.30288461538461536 0.13221153846153846 0.20192307692307693
1 0.8137019230769231 0.08052884615384616 0.14182692307692307 0.16105769230769232
1 0.5733173076923077 0.08052884615384616 0.18509615384615385 0.15865384615384615
1 0.12139423076923077 0.7620192307692307 0.16105769230769232 0.23076923076923078
1 0.06370192307692307 0.8269230769230769 0.125 0.2620192307692308
2 0.5913461538461539 0.3641826923076923 0.22596153846153846 0.28846153846153844
0 0.49759615384615385 0.5108173076923077 0.04567307692307692 0.07451923076923077