1 0.3762019230769231 0.4206730769230769 0.23076923076923078 0.1971153846153846
1 0.5204326923076923 0.2127403846153846 0.20432692307692307 0.15384615384615385
1 0.10096153846153846 0.078125 0.1971153846153846 0.14903846153846154
1 0.30528846153846156 0.14543269230769232 0.20192307692307693 0.19230769230769232
1 0.6274038461538461 0.5192307692307693 0.1778846153846154 0.14903846153846154
1 0.7536057692307693 0.47475961538461536 0.23317307692307693 0.16346153846153846
1 0.8689903846153846 0.4519230769230769 0.23317307692307693 0.16346153846153846
1 0.5588942307692307 0.7019230769230769 0.1778846153846154 0.18269230769230768
1 0.9230769230769231 0.8497596153846154 0.14903846153846154 0.18028846153846154
1 0.7512019230769231 0.7800480769230769 0.24759615384615385 0.22115384615384615
1 0.8858173076923077 0.6141826923076923 0.22355769230769232 0.1658653846153846
1 0.10336538461538461 0.8954326923076923 0.20192307692307693 0.1875
1 0.8197115384615384 0.3088942307692308 0.21875 0.16105769230769232
1 0.13221153846153846 0.5600961538461539 0.21875 0.16105769230769232
1 0.6754807692307693 0.1310096153846154 0.21875 0.16105769230769232
0 0.1466346153846154 0.42788461538461536 0.09615384615384616 0.0625
0 0.20673076923076922 0.027644230769230768 0.10096153846153846 0.052884615384615384
2 0.3088942307692308 0.7259615384615384 0.35096153846153844 0.3125