1 0.3125 0.1658653846153846 0.18269230769230768 0.19230769230769232
1 0.12860576923076922 0.12860576923076922 0.17307692307692307 0.1875
1 0.41586538461538464 0.7151442307692307 0.18269230769230768 0.19230769230769232
1 0.6959134615384616 0.8016826923076923 0.18269230769230768 0.22596153846153846
1 0.7247596153846154 0.5661057692307693 0.14423076923076922 0.2283653846153846
1 0.9314903846153846 0.39302884615384615 0.1346153846153846 0.2644230769230769
1 0.2956730769230769 0.4891826923076923 0.15384615384615385 0.21394230769230768
1 0.4495192307692308 0.3016826923076923 0.15384615384615385 0.21153846153846154
1 0.16105769230769232 0.2704326923076923 0.15625 0.1875
1 0.5144230769230769 0.8329326923076923 0.1778846153846154 0.25
2 0.6298076923076923 0.3004807692307692 0.20673076923076922 0.27884615384615385
0 0.23557692307692307 0.5612980769230769 0.052884615384615384 0.06971153846153846
2 0.9326923076923077 0.6850961538461539 0.12980769230769232 0.25961538461538464