1 0.8473557692307693 0.48677884615384615 0.1971153846153846 0.21394230769230768
1 0.6947115384615384 0.4543269230769231 0.18990384615384615 0.14423076923076922
1 0.8185096153846154 0.21995192307692307 0.20432692307692307 0.18269230769230768
1 0.21514423076923078 0.35096153846153844 0.20432692307692307 0.16105769230769232
1 0.27524038461538464 0.5564903846153846 0.1875 0.1658653846153846
1 0.43149038461538464 0.5168269230769231 0.1778846153846154 0.14903846153846154
1 0.17427884615384615 0.6995192307692307 0.23557692307692307 0.19951923076923078
1 0.09975961538461539 0.24278846153846154 0.1971153846153846 0.14423076923076922
1 0.10576923076923077 0.15504807692307693 0.20673076923076922 0.18028846153846154
1 0.5745192307692307 0.3137019230769231 0.24519230769230768 0.2283653846153846
1 0.39663461538461536 0.33413461538461536 0.19230769230769232 0.17548076923076922
1 0.8088942307692307 0.7199519230769231 0.2620192307692308 0.18028846153846154
1 0.47716346153846156 0.12620192307692307 0.22115384615384615 0.16346153846153846
2 0.6838942307692307 0.8966346153846154 0.43990384615384615 0.20432692307692307