1 0.3425480769230769 0.2692307692307692 0.23557692307692307 0.1778846153846154
1 0.16826923076923078 0.15144230769230768 0.23317307692307693 0.15625
1 0.2548076923076923 0.4074519230769231 0.21153846153846154 0.10817307692307693
1 0.4831730769230769 0.40625 0.23076923076923078 0.17548076923076922
1 0.6911057692307693 0.3762019230769231 0.20673076923076922 0.15384615384615385
1 0.6237980769230769 0.5552884615384616 0.21875 0.17307692307692307
1 0.8569711538461539 0.8882211538461539 0.24519230769230768 0.20192307692307693
1 0.5877403846153846 0.11538461538461539 0.21634615384615385 0.15865384615384615
1 0.7379807692307693 0.16346153846153846 0.25961538461538464 0.19230769230769232
1 0.3942307692307692 0.5733173076923077 0.21153846153846154 0.1658653846153846
1 0.18269230769230768 0.8149038461538461 0.1778846153846154 0.20673076923076922
1 0.09014423076923077 0.5721153846153846 0.1778846153846154 0.1778846153846154
1 0.08533653846153846 0.421875 0.16826923076923078 0.1466346153846154
1 0.8737980769230769 0.671875 0.24759615384615385 0.18509615384615385
0 0.7091346153846154 0.2548076923076923 0.06009615384615385 0.05048076923076923
0 0.8701923076923077 0.34615384615384615 0.08653846153846154 0.0673076923076923
2 0.5012019230769231 0.7800480769230769 0.5384615384615384 0.375