2 0.6778846153846154 0.5300480769230769 0.30528846153846156 0.4423076923076923
1 0.36177884615384615 0.5 0.13942307692307693 0.16346153846153846
1 0.2800480769230769 0.5709134615384616 0.13942307692307693 0.16346153846153846
1 0.2127403846153846 0.6875 0.13942307692307693 0.16346153846153846
1 0.2091346153846154 0.6021634615384616 0.13942307692307693 0.20432692307692307
1 0.15504807692307693 0.5805288461538461 0.11057692307692307 0.15865384615384615
1 0.17307692307692307 0.4098557692307692 0.16826923076923078 0.20192307692307693
1 0.8978365384615384 0.265625 0.16105769230769232 0.23557692307692307
1 0.5841346153846154 0.875 0.14423076923076922 0.21634615384615385
1 0.39302884615384615 0.7920673076923077 0.14423076923076922 0.21634615384615385
1 0.41346153846153844 0.7355769230769231 0.18269230769230768 0.22115384615384615
1 0.5240384615384616 0.7391826923076923 0.1466346153846154 0.19230769230769232
1 0.2956730769230769 0.2860576923076923 0.1466346153846154 0.21634615384615385
1 0.6153846153846154 0.19110576923076922 0.1466346153846154 0.21634615384615385
1 0.7692307692307693 0.11538461538461539 0.1971153846153846 0.21875
1 0.7536057692307693 0.8774038461538461 0.16826923076923078 0.2403846153846154
0 0.8377403846153846 0.6370192307692307 0.057692307692307696 0.09134615384615384
1 0.5180288461538461 0.06490384615384616 0.1466346153846154 0.125
1 0.9254807692307693 0.7319711538461539 0.14423076923076922 0.21634615384615385