2 0.5348557692307693 0.16826923076923078 0.27403846153846156 0.3317307692307692
1 0.421875 0.4675480769230769 0.14423076923076922 0.1971153846153846
1 0.5925480769230769 0.7091346153846154 0.16105769230769232 0.21153846153846154
1 0.39783653846153844 0.7463942307692307 0.16105769230769232 0.21153846153846154
1 0.08413461538461539 0.7139423076923077 0.1658653846153846 0.2548076923076923
1 0.30649038461538464 0.3737980769230769 0.16826923076923078 0.2548076923076923
1 0.055288461538461536 0.328125 0.10817307692307693 0.24759615384615385
1 0.06490384615384616 0.47596153846153844 0.12740384615384615 0.18269230769230768
1 0.203125 0.5973557692307693 0.12980769230769232 0.18269230769230768
1 0.29447115384615385 0.9242788461538461 0.18509615384615385 0.1466346153846154
1 0.3401442307692308 0.5661057692307693 0.16105769230769232 0.21153846153846154
1 0.2644230769230769 0.07211538461538461 0.15865384615384615 0.13942307692307693
1 0.3629807692307692 0.06370192307692307 0.125 0.12259615384615384
1 0.6862980769230769 0.45072115384615385 0.16346153846153846 0.20673076923076922
1 0.7391826923076923 0.4807692307692308 0.10096153846153846 0.15144230769230768
1 0.9314903846153846 0.4855769230769231 0.1346153846153846 0.21634615384615385
1 0.9014423076923077 0.5829326923076923 0.1346153846153846 0.21634615384615385
1 0.9302884615384616 0.875 0.1346153846153846 0.24519230769230768
1 0.9314903846153846 0.109375 0.1346153846153846 0.21634615384615385
1 0.8161057692307693 0.25841346153846156 0.1875 0.2764423076923077
1 0.6923076923076923 0.2668269230769231 0.18269230769230768 0.22115384615384615
1 0.5108173076923077 0.8100961538461539 0.19230769230769232 0.2548076923076923