1 0.4110576923076923 0.5336538461538461 0.13701923076923078 0.20673076923076922
1 0.43149038461538464 0.859375 0.16346153846153846 0.21634615384615385
1 0.6682692307692307 0.8004807692307693 0.125 0.18509615384615385
1 0.22596153846153846 0.2980769230769231 0.13221153846153846 0.19230769230769232
1 0.28966346153846156 0.44350961538461536 0.1466346153846154 0.19951923076923078
1 0.2091346153846154 0.6526442307692307 0.1466346153846154 0.19951923076923078
1 0.4675480769230769 0.11658653846153846 0.17067307692307693 0.2283653846153846
1 0.9459134615384616 0.4651442307692308 0.10576923076923077 0.22115384615384615
1 0.6057692307692307 0.14182692307692307 0.16105769230769232 0.23798076923076922
1 0.8846153846153846 0.8629807692307693 0.14182692307692307 0.22596153846153846
2 0.7043269230769231 0.5300480769230769 0.2668269230769231 0.31971153846153844
0 0.17548076923076922 0.43990384615384615 0.052884615384615384 0.0673076923076923
0 0.7091346153846154 0.9266826923076923 0.05048076923076923 0.08173076923076923
0 0.9074519230769231 0.8161057692307693 0.028846153846153848 0.04807692307692308
0 0.38461538461538464 0.6706730769230769 0.055288461538461536 0.0673076923076923