1 0.7692307692307693 0.9170673076923077 0.20673076923076922 0.16346153846153846
1 0.4375 0.6165865384615384 0.13701923076923078 0.22596153846153846
1 0.49038461538461536 0.390625 0.14182692307692307 0.19230769230769232
1 0.3112980769230769 0.8954326923076923 0.14182692307692307 0.19230769230769232
1 0.2860576923076923 0.1622596153846154 0.15144230769230768 0.19230769230769232
1 0.06370192307692307 0.5697115384615384 0.12740384615384615 0.19230769230769232
1 0.11778846153846154 0.8485576923076923 0.12740384615384615 0.19230769230769232
1 0.16346153846153846 0.09134615384615384 0.14182692307692307 0.17067307692307693
1 0.859375 0.26802884615384615 0.13701923076923078 0.23557692307692307
1 0.7776442307692307 0.6862980769230769 0.14903846153846154 0.21634615384615385
1 0.6394230769230769 0.7319711538461539 0.14182692307692307 0.1778846153846154
1 0.7584134615384616 0.484375 0.1778846153846154 0.21634615384615385
1 0.6418269230769231 0.3473557692307692 0.13221153846153846 0.19230769230769232
1 0.6009615384615384 0.23798076923076922 0.14182692307692307 0.1875
1 0.7115384615384616 0.17548076923076922 0.16826923076923078 0.2091346153846154
2 0.27884615384615385 0.4639423076923077 0.27403846153846156 0.3173076923076923
0 0.5805288461538461 0.11177884615384616 0.0625 0.08653846153846154