1 0.25721153846153844 0.5408653846153846 0.19230769230769232 0.2403846153846154
1 0.5588942307692307 0.8629807692307693 0.17307692307692307 0.1778846153846154
1 0.8605769230769231 0.10576923076923077 0.17307692307692307 0.20432692307692307
1 0.7223557692307693 0.59375 0.17307692307692307 0.20432692307692307
1 0.3401442307692308 0.3581730769230769 0.17307692307692307 0.20432692307692307
1 0.9146634615384616 0.40384615384615385 0.16826923076923078 0.23076923076923078
1 0.5300480769230769 0.3581730769230769 0.17307692307692307 0.20432692307692307
1 0.09134615384615384 0.21875 0.17307692307692307 0.20432692307692307
1 0.27163461538461536 0.08173076923076923 0.14903846153846154 0.15865384615384615
1 0.9278846153846154 0.7223557692307693 0.14182692307692307 0.19230769230769232
2 0.5036057692307693 0.6201923076923077 0.1971153846153846 0.30288461538461536
0 0.8834134615384616 0.8353365384615384 0.04326923076923077 0.057692307692307696
0 0.859375 0.9411057692307693 0.040865384615384616 0.08173076923076923