2 0.5769230769230769 0.4831730769230769 0.23317307692307693 0.16346153846153846
0 0.5252403846153846 0.6502403846153846 0.057692307692307696 0.052884615384615384
0 0.4230769230769231 0.5709134615384616 0.057692307692307696 0.052884615384615384
0 0.3870192307692308 0.9591346153846154 0.07211538461538461 0.04326923076923077
1 0.6538461538461539 0.8473557692307693 0.2668269230769231 0.20432692307692307
1 0.9050480769230769 0.8966346153846154 0.18509615384615385 0.14903846153846154
1 0.8545673076923077 0.9254807692307693 0.1875 0.1466346153846154
1 0.8521634615384616 0.7379807692307693 0.19230769230769232 0.18269230769230768
1 0.9026442307692307 0.5997596153846154 0.18990384615384615 0.18028846153846154
1 0.3269230769230769 0.3269230769230769 0.20673076923076922 0.16826923076923078
1 0.10576923076923077 0.2800480769230769 0.21153846153846154 0.13942307692307693
1 0.10576923076923077 0.5096153846153846 0.21153846153846154 0.13942307692307693
1 0.5276442307692307 0.3076923076923077 0.20673076923076922 0.15865384615384615
1 0.8088942307692307 0.18870192307692307 0.18509615384615385 0.12980769230769232
1 0.8978365384615384 0.07091346153846154 0.19951923076923078 0.13701923076923078
1 0.33052884615384615 0.4651442307692308 0.22115384615384615 0.16346153846153846
1 0.26802884615384615 0.5564903846153846 0.22115384615384615 0.16346153846153846
1 0.23197115384615385 0.6971153846153846 0.21153846153846154 0.17067307692307693
1 0.7992788461538461 0.46274038461538464 0.18990384615384615 0.14903846153846154
1 0.7487980769230769 0.3449519230769231 0.18990384615384615 0.14903846153846154
1 0.9519230769230769 0.23076923076923078 0.09134615384615384 0.16826923076923078