1 0.38341346153846156 0.7067307692307693 0.20432692307692307 0.16346153846153846
1 0.2608173076923077 0.7067307692307693 0.20432692307692307 0.16346153846153846
1 0.5048076923076923 0.9170673076923077 0.20673076923076922 0.16105769230769232
1 0.9086538461538461 0.6009615384615384 0.1778846153846154 0.16346153846153846
1 0.8064903846153846 0.1814903846153846 0.23317307692307693 0.16105769230769232
1 0.8930288461538461 0.7872596153846154 0.18269230769230768 0.16346153846153846
1 0.5853365384615384 0.7716346153846154 0.22596153846153846 0.16346153846153846
1 0.5516826923076923 0.47475961538461536 0.20432692307692307 0.16346153846153846
1 0.6538461538461539 0.0625 0.20673076923076922 0.1201923076923077
1 0.13221153846153846 0.5492788461538461 0.21153846153846154 0.15865384615384615
1 0.703125 0.5913461538461539 0.21153846153846154 0.15865384615384615
2 0.20793269230769232 0.27283653846153844 0.28846153846153844 0.25721153846153844
0 0.75 0.2980769230769231 0.07451923076923077 0.057692307692307696
0 0.12620192307692307 0.9663461538461539 0.08653846153846154 0.06490384615384616