2 0.4266826923076923 0.31850961538461536 0.3557692307692308 0.2692307692307692
0 0.578125 0.171875 0.07692307692307693 0.0673076923076923
0 0.5384615384615384 0.1346153846153846 0.07692307692307693 0.0673076923076923
0 0.9675480769230769 0.5504807692307693 0.06009615384615385 0.0625
1 0.1502403846153846 0.21995192307692307 0.21153846153846154 0.19230769230769232
1 0.8798076923076923 0.8713942307692307 0.23557692307692307 0.19471153846153846
1 0.17668269230769232 0.6478365384615384 0.28365384615384615 0.19230769230769232
1 0.25841346153846156 0.7920673076923077 0.15384615384615385 0.18269230769230768
1 0.6899038461538461 0.5420673076923077 0.1875 0.17548076923076922
1 0.7475961538461539 0.4170673076923077 0.1875 0.17548076923076922
1 0.17668269230769232 0.4110576923076923 0.1875 0.17548076923076922
1 0.2692307692307692 0.4879807692307692 0.21875 0.18269230769230768
1 0.11778846153846154 0.9242788461538461 0.23076923076923078 0.1466346153846154
1 0.4266826923076923 0.8581730769230769 0.21634615384615385 0.21153846153846154
1 0.5769230769230769 0.8762019230769231 0.1778846153846154 0.18269230769230768
1 0.6069711538461539 0.6730769230769231 0.19230769230769232 0.18269230769230768
1 0.6490384615384616 0.26802884615384615 0.1971153846153846 0.1971153846153846
1 0.7776442307692307 0.12379807692307693 0.1971153846153846 0.1971153846153846