1 0.15625 0.5432692307692307 0.21634615384615385 0.1778846153846154
1 0.40625 0.3161057692307692 0.19951923076923078 0.15625
1 0.5793269230769231 0.15625 0.25 0.18269230769230768
1 0.6646634615384616 0.3485576923076923 0.25 0.18269230769230768
1 0.4326923076923077 0.8581730769230769 0.14903846153846154 0.1778846153846154
1 0.8485576923076923 0.48677884615384615 0.1778846153846154 0.14182692307692307
1 0.7115384615384616 0.47475961538461536 0.1778846153846154 0.14182692307692307
1 0.9098557692307693 0.8834134615384616 0.1778846153846154 0.14182692307692307
1 0.7944711538461539 0.09975961538461539 0.1778846153846154 0.14182692307692307
2 0.5985576923076923 0.9254807692307693 0.2644230769230769 0.1466346153846154
0 0.2620192307692308 0.9447115384615384 0.07932692307692307 0.0625
0 0.28846153846153844 0.41225961538461536 0.07692307692307693 0.052884615384615384
0 0.26802884615384615 0.4699519230769231 0.07692307692307693 0.052884615384615384
0 0.22596153846153846 0.3713942307692308 0.08173076923076923 0.0625