1 0.13701923076923078 0.41586538461538464 0.18990384615384615 0.18269230769230768
1 0.29927884615384615 0.8509615384615384 0.21153846153846154 0.19230769230769232
1 0.5192307692307693 0.8533653846153846 0.19230769230769232 0.16826923076923078
1 0.5192307692307693 0.7403846153846154 0.2644230769230769 0.18269230769230768
1 0.5600961538461539 0.5925480769230769 0.27884615384615385 0.08173076923076923
1 0.6706730769230769 0.5432692307692307 0.22115384615384615 0.15625
1 0.8401442307692307 0.8473557692307693 0.22596153846153846 0.16346153846153846
1 0.34975961538461536 0.3942307692307692 0.19230769230769232 0.23317307692307693
1 0.4098557692307692 0.12379807692307693 0.25240384615384615 0.16346153846153846
1 0.9206730769230769 0.5997596153846154 0.15384615384615385 0.19951923076923078
1 0.78125 0.703125 0.23798076923076922 0.1346153846153846
1 0.13701923076923078 0.7235576923076923 0.21875 0.18269230769230768
2 0.6382211538461539 0.2764423076923077 0.5240384615384616 0.5288461538461539