2 0.7896634615384616 0.6394230769230769 0.32211538461538464 0.41346153846153844
1 0.5108173076923077 0.703125 0.18269230769230768 0.22596153846153846
1 0.2800480769230769 0.7379807692307693 0.17548076923076922 0.27403846153846156
1 0.3317307692307692 0.3125 0.18269230769230768 0.30288461538461536
1 0.7740384615384616 0.29927884615384615 0.17307692307692307 0.18990384615384615
1 0.5973557692307693 0.8557692307692307 0.17307692307692307 0.18990384615384615
1 0.4182692307692308 0.9110576923076923 0.17307692307692307 0.17307692307692307
1 0.052884615384615384 0.45913461538461536 0.10096153846153846 0.25240384615384615
1 0.19471153846153846 0.2403846153846154 0.15384615384615385 0.24519230769230768
1 0.07451923076923077 0.19951923076923078 0.14182692307692307 0.19951923076923078
1 0.14182692307692307 0.5612980769230769 0.15625 0.23076923076923078
1 0.6225961538461539 0.13581730769230768 0.18028846153846154 0.22115384615384615
1 0.7463942307692307 0.1814903846153846 0.18028846153846154 0.22115384615384615
1 0.21153846153846154 0.9194711538461539 0.15865384615384615 0.15625
1 0.41586538461538464 0.9170673076923077 0.15625 0.15865384615384615