2 0.5877403846153846 0.5192307692307693 0.2956730769230769 0.22355769230769232
1 0.3894230769230769 0.6754807692307693 0.1971153846153846 0.15625
1 0.8004807692307693 0.7848557692307693 0.21153846153846154 0.1875
1 0.3942307692307692 0.9435096153846154 0.21875 0.11057692307692307
1 0.28966346153846156 0.8557692307692307 0.20673076923076922 0.1875
1 0.13581730769230768 0.8245192307692307 0.20673076923076922 0.1875
1 0.09735576923076923 0.4206730769230769 0.19230769230769232 0.11057692307692307
1 0.2620192307692308 0.4387019230769231 0.1971153846153846 0.19471153846153846
1 0.2776442307692308 0.5504807692307693 0.2403846153846154 0.19951923076923078
1 0.8954326923076923 0.5709134615384616 0.20673076923076922 0.1875
1 0.7247596153846154 0.37259615384615385 0.1875 0.14182692307692307
1 0.5420673076923077 0.31490384615384615 0.1875 0.14182692307692307
1 0.921875 0.22355769230769232 0.15144230769230768 0.15384615384615385
1 0.10697115384615384 0.23076923076923078 0.21153846153846154 0.19230769230769232
0 0.8509615384615384 0.40024038461538464 0.08173076923076923 0.0673076923076923
0 0.7487980769230769 0.6021634615384616 0.08173076923076923 0.0673076923076923
1 0.7163461538461539 0.08413461538461539 0.23076923076923078 0.13701923076923078
1 0.38221153846153844 0.04807692307692308 0.21875 0.09615384615384616
1 0.25600961538461536 0.10697115384615384 0.22115384615384615 0.14423076923076922