1 0.35096153846153844 0.40384615384615385 0.18269230769230768 0.20673076923076922
1 0.14423076923076922 0.4723557692307692 0.1875 0.24759615384615385
1 0.28966346153846156 0.18509615384615385 0.15865384615384615 0.21153846153846154
1 0.15865384615384615 0.2608173076923077 0.15865384615384615 0.21153846153846154
1 0.9338942307692307 0.5709134615384616 0.12740384615384615 0.20432692307692307
1 0.7716346153846154 0.6899038461538461 0.14903846153846154 0.1971153846153846
1 0.4879807692307692 0.8846153846153846 0.18028846153846154 0.22596153846153846
1 0.2091346153846154 0.7884615384615384 0.19230769230769232 0.24519230769230768
1 0.2980769230769231 0.6045673076923077 0.125 0.16826923076923078
1 0.9362980769230769 0.10216346153846154 0.12259615384615384 0.19951923076923078
2 0.7980769230769231 0.34975961538461536 0.2980769230769231 0.36538461538461536