1 0.9038461538461539 0.5793269230769231 0.14182692307692307 0.20673076923076922
1 0.8930288461538461 0.34975961538461536 0.15865384615384615 0.21153846153846154
1 0.8617788461538461 0.11658653846153846 0.15144230769230768 0.23076923076923078
1 0.5877403846153846 0.7487980769230769 0.1875 0.21153846153846154
1 0.7692307692307693 0.6598557692307693 0.1875 0.21153846153846154
1 0.7307692307692307 0.8942307692307693 0.1875 0.20673076923076922
1 0.3737980769230769 0.7908653846153846 0.1875 0.21153846153846154
1 0.23798076923076922 0.4483173076923077 0.1875 0.21153846153846154
1 0.24278846153846154 0.23918269230769232 0.1875 0.21153846153846154
1 0.08774038461538461 0.1045673076923077 0.17067307692307693 0.20432692307692307
1 0.18870192307692307 0.6598557692307693 0.19951923076923078 0.25961538461538464
0 0.7896634615384616 0.4543269230769231 0.0625 0.07211538461538461
2 0.5456730769230769 0.24759615384615385 0.34134615384615385 0.44711538461538464