2 0.8257211538461539 0.6117788461538461 0.34375 0.28125
1 0.6911057692307693 0.3701923076923077 0.20192307692307693 0.21875
1 0.9326923076923077 0.41346153846153844 0.12980769230769232 0.17067307692307693
1 0.7319711538461539 0.9375 0.22596153846153846 0.12259615384615384
1 0.8425480769230769 0.28125 0.20673076923076922 0.15625
1 0.5144230769230769 0.18629807692307693 0.18269230769230768 0.13942307692307693
1 0.5709134615384616 0.5456730769230769 0.18269230769230768 0.13942307692307693
1 0.5685096153846154 0.6370192307692307 0.18269230769230768 0.13942307692307693
1 0.5913461538461539 0.7115384615384616 0.18269230769230768 0.13942307692307693
1 0.6358173076923077 0.7427884615384616 0.18269230769230768 0.13942307692307693
1 0.6814903846153846 0.8245192307692307 0.18269230769230768 0.14182692307692307
1 0.3329326923076923 0.9158653846153846 0.18269230769230768 0.13942307692307693
1 0.5108173076923077 0.9459134615384616 0.22355769230769232 0.10336538461538461
1 0.05889423076923077 0.5168269230769231 0.11538461538461539 0.13942307692307693
1 0.4110576923076923 0.5697115384615384 0.1778846153846154 0.1778846153846154
1 0.19951923076923078 0.36538461538461536 0.16346153846153846 0.13942307692307693
1 0.42427884615384615 0.06971153846153846 0.2644230769230769 0.13701923076923078
1 0.1971153846153846 0.19471153846153846 0.2548076923076923 0.18028846153846154
1 0.7776442307692307 0.11538461538461539 0.2548076923076923 0.1778846153846154
1 0.9098557692307693 0.10576923076923077 0.1778846153846154 0.14423076923076922
1 0.5144230769230769 0.4495192307692308 0.18269230769230768 0.13942307692307693
1 0.36899038461538464 0.44711538461538464 0.18269230769230768 0.13942307692307693