1 0.5805288461538461 0.28725961538461536 0.21875 0.15865384615384615
1 0.609375 0.5192307692307693 0.21875 0.15865384615384615
1 0.828125 0.5588942307692307 0.21875 0.15865384615384615
1 0.7512019230769231 0.38461538461538464 0.20192307692307693 0.14903846153846154
1 0.8629807692307693 0.25240384615384615 0.20192307692307693 0.14903846153846154
1 0.3737980769230769 0.30528846153846156 0.20192307692307693 0.14903846153846154
1 0.19591346153846154 0.41225961538461536 0.19951923076923078 0.17067307692307693
1 0.40384615384615385 0.46634615384615385 0.19951923076923078 0.17067307692307693
1 0.3401442307692308 0.8762019230769231 0.2403846153846154 0.17067307692307693
1 0.8569711538461539 0.8786057692307693 0.2403846153846154 0.17067307692307693
1 0.7055288461538461 0.7451923076923077 0.22596153846153846 0.21153846153846154
1 0.2824519230769231 0.15384615384615385 0.2403846153846154 0.17067307692307693
1 0.4963942307692308 0.12139423076923077 0.2403846153846154 0.17067307692307693
2 0.13701923076923078 0.6646634615384616 0.2692307692307692 0.3485576923076923