1 0.8389423076923077 0.703125 0.21153846153846154 0.1658653846153846
1 0.5673076923076923 0.5817307692307693 0.24519230769230768 0.15865384615384615
1 0.32211538461538464 0.4831730769230769 0.20673076923076922 0.15865384615384615
1 0.2692307692307692 0.29447115384615385 0.1971153846153846 0.17067307692307693
1 0.12139423076923077 0.1502403846153846 0.23317307692307693 0.1875
1 0.8161057692307693 0.08173076923076923 0.21875 0.15865384615384615
1 0.640625 0.8221153846153846 0.2644230769230769 0.20432692307692307
1 0.49399038461538464 0.9086538461538461 0.24519230769230768 0.18028846153846154
1 0.8125 0.28846153846153844 0.23076923076923078 0.1778846153846154
1 0.15865384615384615 0.44711538461538464 0.23076923076923078 0.1778846153846154
1 0.7764423076923077 0.9278846153846154 0.22596153846153846 0.13942307692307693
2 0.5540865384615384 0.19951923076923078 0.3701923076923077 0.3125
0 0.8233173076923077 0.8293269230769231 0.08173076923076923 0.07211538461538461