2 0.6526442307692307 0.2283653846153846 0.2548076923076923 0.22115384615384615
2 0.18389423076923078 0.8882211538461539 0.36538461538461536 0.22115384615384615
0 0.8004807692307693 0.30288461538461536 0.08173076923076923 0.052884615384615384
0 0.042067307692307696 0.12139423076923077 0.07932692307692307 0.055288461538461536
1 0.21033653846153846 0.12620192307692307 0.20432692307692307 0.1971153846153846
1 0.17908653846153846 0.2668269230769231 0.20432692307692307 0.1971153846153846
1 0.4338942307692308 0.23317307692307693 0.20432692307692307 0.1971153846153846
1 0.4651442307692308 0.14783653846153846 0.20432692307692307 0.1971153846153846
1 0.3016826923076923 0.6730769230769231 0.20432692307692307 0.1971153846153846
1 0.5336538461538461 0.6394230769230769 0.20432692307692307 0.1971153846153846
1 0.8016826923076923 0.5612980769230769 0.20432692307692307 0.1971153846153846
1 0.7163461538461539 0.7247596153846154 0.21634615384615385 0.1466346153846154
1 0.890625 0.07932692307692307 0.21634615384615385 0.1466346153846154
1 0.6911057692307693 0.06129807692307692 0.21634615384615385 0.1201923076923077
1 0.7752403846153846 0.9387019230769231 0.24759615384615385 0.11778846153846154
1 0.6129807692307693 0.8822115384615384 0.24759615384615385 0.18269230769230768