1 0.33413461538461536 0.5048076923076923 0.15625 0.21634615384615385
1 0.4098557692307692 0.5276442307692307 0.16105769230769232 0.2668269230769231
1 0.15264423076923078 0.5600961538461539 0.18269230769230768 0.23317307692307693
1 0.09375 0.7548076923076923 0.15865384615384615 0.20192307692307693
1 0.6009615384615384 0.5432692307692307 0.17067307692307693 0.23076923076923078
1 0.8942307692307693 0.31850961538461536 0.14423076923076922 0.19951923076923078
1 0.9110576923076923 0.7776442307692307 0.14423076923076922 0.20432692307692307
1 0.11899038461538461 0.13341346153846154 0.13942307692307693 0.17548076923076922
1 0.5697115384615384 0.33653846153846156 0.13701923076923078 0.18509615384615385
1 0.8173076923076923 0.8485576923076923 0.1875 0.2403846153846154
1 0.5216346153846154 0.8317307692307693 0.19471153846153846 0.20673076923076922
2 0.39302884615384615 0.17668269230769232 0.3485576923076923 0.35096153846153844