1 0.1201923076923077 0.6009615384615384 0.1778846153846154 0.17067307692307693
1 0.15745192307692307 0.44711538461538464 0.23076923076923078 0.15865384615384615
1 0.5817307692307693 0.5661057692307693 0.19951923076923078 0.1346153846153846
1 0.4254807692307692 0.8449519230769231 0.2548076923076923 0.16826923076923078
1 0.921875 0.5060096153846154 0.15144230769230768 0.13701923076923078
1 0.921875 0.39783653846153844 0.15144230769230768 0.13701923076923078
1 0.7487980769230769 0.9326923076923077 0.23317307692307693 0.12980769230769232
1 0.6995192307692307 0.7512019230769231 0.21875 0.18269230769230768
1 0.09014423076923077 0.20552884615384615 0.17548076923076922 0.17067307692307693
1 0.12139423076923077 0.12620192307692307 0.19230769230769232 0.13942307692307693
2 0.40865384615384615 0.33413461538461536 0.25961538461538464 0.19230769230769232
0 0.2620192307692308 0.9651442307692307 0.08653846153846154 0.052884615384615384
0 0.3629807692307692 0.9807692307692307 0.08653846153846154 0.03365384615384615
0 0.8365384615384616 0.8617788461538461 0.08653846153846154 0.052884615384615384