2 0.5877403846153846 0.24879807692307693 0.41346153846153844 0.36778846153846156
1 0.5745192307692307 0.7163461538461539 0.22596153846153846 0.1875
1 0.3269230769230769 0.8834134615384616 0.22596153846153846 0.18990384615384615
1 0.7584134615384616 0.6550480769230769 0.20432692307692307 0.1658653846153846
1 0.7524038461538461 0.7956730769230769 0.20432692307692307 0.1658653846153846
1 0.6225961538461539 0.9014423076923077 0.20432692307692307 0.1658653846153846
1 0.8004807692307693 0.9158653846153846 0.20673076923076922 0.16346153846153846
1 0.19110576923076922 0.6346153846153846 0.20432692307692307 0.1658653846153846
1 0.19110576923076922 0.5769230769230769 0.20432692307692307 0.1658653846153846
1 0.15384615384615385 0.4963942307692308 0.20432692307692307 0.1658653846153846
1 0.13942307692307693 0.42788461538461536 0.20432692307692307 0.1658653846153846
1 0.09014423076923077 0.25721153846153844 0.17548076923076922 0.17548076923076922
1 0.484375 0.07572115384615384 0.27884615384615385 0.14903846153846154
1 0.9170673076923077 0.49158653846153844 0.16105769230769232 0.16105769230769232
1 0.9170673076923077 0.359375 0.16105769230769232 0.16105769230769232
1 0.08173076923076923 0.08052884615384616 0.15865384615384615 0.15865384615384615
1 0.3641826923076923 0.39783653846153844 0.16826923076923078 0.18269230769230768
1 0.90625 0.8233173076923077 0.18269230769230768 0.25240384615384615
1 0.2439903846153846 0.2980769230769231 0.23076923076923078 0.1346153846153846
1 0.09014423076923077 0.7824519230769231 0.17548076923076922 0.1971153846153846