1 0.8677884615384616 0.21033653846153846 0.18509615384615385 0.17067307692307693
1 0.6574519230769231 0.2800480769230769 0.19230769230769232 0.1658653846153846
1 0.06971153846153846 0.21514423076923078 0.1346153846153846 0.22355769230769232
1 0.20192307692307693 0.4987980769230769 0.25 0.16346153846153846
1 0.6141826923076923 0.46274038461538464 0.1971153846153846 0.17307692307692307
1 0.4483173076923077 0.08653846153846154 0.25 0.16346153846153846
1 0.33774038461538464 0.15865384615384615 0.20432692307692307 0.19230769230769232
1 0.5300480769230769 0.7235576923076923 0.16346153846153846 0.12980769230769232
1 0.46033653846153844 0.9074519230769231 0.17067307692307693 0.17067307692307693
1 0.17427884615384615 0.8413461538461539 0.23557692307692307 0.1875
2 0.7632211538461539 0.6814903846153846 0.21875 0.18269230769230768
1 0.6466346153846154 0.06610576923076923 0.1875 0.12740384615384615
1 0.07692307692307693 0.484375 0.14903846153846154 0.15144230769230768
1 0.19110576923076922 0.6490384615384616 0.18990384615384615 0.13942307692307693