1 0.22596153846153846 0.05889423076923077 0.22596153846153846 0.11538461538461539
1 0.07091346153846154 0.38822115384615385 0.13701923076923078 0.20432692307692307
1 0.06370192307692307 0.2848557692307692 0.12259615384615384 0.1658653846153846
1 0.15745192307692307 0.8557692307692307 0.18509615384615385 0.13942307692307693
1 0.28725961538461536 0.5552884615384616 0.1875 0.17548076923076922
1 0.8125 0.8942307692307693 0.22115384615384615 0.17307692307692307
1 0.6141826923076923 0.17307692307692307 0.1875 0.13221153846153846
1 0.37740384615384615 0.26802884615384615 0.1875 0.13221153846153846
1 0.4483173076923077 0.14423076923076922 0.23317307692307693 0.18028846153846154
1 0.3173076923076923 0.7716346153846154 0.14423076923076922 0.1658653846153846
1 0.36538461538461536 0.9158653846153846 0.18509615384615385 0.13942307692307693
2 0.6502403846153846 0.6514423076923077 0.5240384615384616 0.4182692307692308