1 0.5673076923076923 0.8173076923076923 0.17307692307692307 0.20673076923076922
1 0.40024038461538464 0.8533653846153846 0.17307692307692307 0.20673076923076922
1 0.21153846153846154 0.8653846153846154 0.17307692307692307 0.20673076923076922
1 0.09254807692307693 0.6586538461538461 0.18028846153846154 0.2403846153846154
1 0.14182692307692307 0.09735576923076923 0.18028846153846154 0.19230769230769232
1 0.375 0.33052884615384615 0.18269230769230768 0.24519230769230768
1 0.2980769230769231 0.14423076923076922 0.17067307692307693 0.23076923076923078
1 0.9471153846153846 0.8088942307692307 0.10096153846153846 0.2403846153846154
1 0.9254807692307693 0.375 0.14423076923076922 0.21153846153846154
1 0.3088942307692308 0.49158653846153844 0.1466346153846154 0.21153846153846154
1 0.16105769230769232 0.24639423076923078 0.19230769230769232 0.20432692307692307
2 0.5997596153846154 0.4254807692307692 0.40865384615384615 0.3798076923076923