1 0.32091346153846156 0.32211538461538464 0.19951923076923078 0.17307692307692307
1 0.7463942307692307 0.1971153846153846 0.23076923076923078 0.20673076923076922
1 0.8245192307692307 0.43990384615384615 0.2548076923076923 0.15865384615384615
1 0.41947115384615385 0.9002403846153846 0.24519230769230768 0.16826923076923078
1 0.4699519230769231 0.8076923076923077 0.2692307692307692 0.18269230769230768
1 0.7379807692307693 0.6490384615384616 0.24759615384615385 0.16826923076923078
1 0.1971153846153846 0.6911057692307693 0.23557692307692307 0.19230769230769232
1 0.23317307692307693 0.5480769230769231 0.19230769230769232 0.1875
1 0.1201923076923077 0.8557692307692307 0.22596153846153846 0.21153846153846154
1 0.10576923076923077 0.3293269230769231 0.1971153846153846 0.1875
1 0.8942307692307693 0.09134615384615384 0.1778846153846154 0.1778846153846154
1 0.8173076923076923 0.8737980769230769 0.24759615384615385 0.18990384615384615
1 0.3557692307692308 0.12620192307692307 0.20673076923076922 0.15384615384615385
1 0.5661057692307693 0.05889423076923077 0.23798076923076922 0.11298076923076923
1 0.5408653846153846 0.21514423076923078 0.2403846153846154 0.24519230769230768
2 0.515625 0.5060096153846154 0.43990384615384615 0.40865384615384615
0 0.12379807692307693 0.46875 0.09375 0.0625
0 0.7848557692307693 0.7572115384615384 0.10096153846153846 0.0889423076923077