1 0.6490384615384616 0.5961538461538461 0.18269230769230768 0.20673076923076922
1 0.8557692307692307 0.5276442307692307 0.1875 0.24759615384615385
1 0.7103365384615384 0.8149038461538461 0.15865384615384615 0.21153846153846154
1 0.8413461538461539 0.7391826923076923 0.15865384615384615 0.21153846153846154
1 0.06610576923076923 0.42908653846153844 0.12740384615384615 0.20432692307692307
1 0.2283653846153846 0.31009615384615385 0.14903846153846154 0.1971153846153846
1 0.5120192307692307 0.11538461538461539 0.18028846153846154 0.22596153846153846
1 0.7908653846153846 0.21153846153846154 0.19230769230769232 0.24519230769230768
1 0.7019230769230769 0.3954326923076923 0.125 0.16826923076923078
1 0.06370192307692307 0.8978365384615384 0.12259615384615384 0.19951923076923078
2 0.20192307692307693 0.6502403846153846 0.2980769230769231 0.36538461538461536