1 0.5612980769230769 0.08173076923076923 0.1971153846153846 0.12980769230769232
1 0.45072115384615385 0.46033653846153844 0.2644230769230769 0.16105769230769232
1 0.6117788461538461 0.8257211538461539 0.2644230769230769 0.16105769230769232
1 0.21153846153846154 0.7367788461538461 0.25961538461538464 0.17307692307692307
1 0.5721153846153846 0.6754807692307693 0.21153846153846154 0.14903846153846154
1 0.8401442307692307 0.6850961538461539 0.21153846153846154 0.14903846153846154
1 0.24639423076923078 0.06850961538461539 0.20673076923076922 0.1346153846153846
1 0.7475961538461539 0.9411057692307693 0.21153846153846154 0.11298076923076923
2 0.6862980769230769 0.3425480769230769 0.24519230769230768 0.2644230769230769
0 0.20432692307692307 0.4362980769230769 0.07451923076923077 0.0625
0 0.43149038461538464 0.7680288461538461 0.07451923076923077 0.0625