1 0.6033653846153846 0.4411057692307692 0.20673076923076922 0.17548076923076922
1 0.7956730769230769 0.3918269230769231 0.2403846153846154 0.21153846153846154
1 0.59375 0.5985576923076923 0.21634615384615385 0.17548076923076922
1 0.28725961538461536 0.8713942307692307 0.21153846153846154 0.1658653846153846
1 0.09735576923076923 0.9158653846153846 0.19230769230769232 0.16346153846153846
1 0.08173076923076923 0.33774038461538464 0.16346153846153846 0.16105769230769232
1 0.28846153846153844 0.5168269230769231 0.20192307692307693 0.18269230769230768
1 0.9026442307692307 0.07451923076923077 0.19230769230769232 0.1466346153846154
1 0.3786057692307692 0.7247596153846154 0.25961538461538464 0.16826923076923078
1 0.8834134615384616 0.6310096153846154 0.23076923076923078 0.17067307692307693
1 0.7319711538461539 0.9375 0.24759615384615385 0.1201923076923077
1 0.5144230769230769 0.8978365384615384 0.24519230769230768 0.15384615384615385
1 0.5276442307692307 0.2608173076923077 0.2403846153846154 0.18269230769230768
0 0.9507211538461539 0.4014423076923077 0.09375 0.07451923076923077
2 0.13221153846153846 0.6814903846153846 0.25961538461538464 0.33413461538461536