1 0.453125 0.1814903846153846 0.21153846153846154 0.15384615384615385
1 0.23677884615384615 0.36778846153846156 0.21153846153846154 0.15384615384615385
1 0.28365384615384615 0.2283653846153846 0.15865384615384615 0.14903846153846154
1 0.5228365384615384 0.3389423076923077 0.22596153846153846 0.17307692307692307
1 0.3942307692307692 0.45913461538461536 0.23076923076923078 0.19951923076923078
1 0.8581730769230769 0.7596153846153846 0.19230769230769232 0.17548076923076922
1 0.9098557692307693 0.8737980769230769 0.1778846153846154 0.15625
1 0.6430288461538461 0.7524038461538461 0.21875 0.20432692307692307
1 0.3713942307692308 0.8521634615384616 0.21875 0.15865384615384615
1 0.17548076923076922 0.11899038461538461 0.21875 0.22115384615384615
1 0.4567307692307692 0.6274038461538461 0.24759615384615385 0.15865384615384615
2 0.8052884615384616 0.3605769230769231 0.38461538461538464 0.375
0 0.15264423076923078 0.2800480769230769 0.0673076923076923 0.052884615384615384