1 0.5084134615384616 0.22235576923076922 0.17307692307692307 0.23317307692307693
1 0.7427884615384616 0.16947115384615385 0.21634615384615385 0.23076923076923078
1 0.5060096153846154 0.7848557692307693 0.1778846153846154 0.19230769230769232
1 0.06370192307692307 0.9086538461538461 0.125 0.1778846153846154
1 0.23918269230769232 0.8786057692307693 0.16826923076923078 0.23798076923076922
1 0.06850961538461539 0.6201923076923077 0.1346153846153846 0.28125
1 0.23557692307692307 0.29927884615384615 0.1346153846153846 0.28125
1 0.31971153846153844 0.5985576923076923 0.1346153846153846 0.28125
1 0.90625 0.7163461538461539 0.18269230769230768 0.2668269230769231
1 0.08774038461538461 0.30288461538461536 0.17067307692307693 0.23557692307692307
2 0.7283653846153846 0.8389423076923077 0.21153846153846154 0.27403846153846156
0 0.4699519230769231 0.6670673076923077 0.07211538461538461 0.08173076923076923
0 0.4110576923076923 0.5108173076923077 0.07211538461538461 0.08173076923076923
1 0.8040865384615384 0.4230769230769231 0.17307692307692307 0.23317307692307693