1 0.7980769230769231 0.7283653846153846 0.14903846153846154 0.2403846153846154
1 0.5300480769230769 0.7235576923076923 0.14903846153846154 0.2403846153846154
1 0.41586538461538464 0.8689903846153846 0.19951923076923078 0.21634615384615385
1 0.25721153846153844 0.8689903846153846 0.15625 0.1875
1 0.18870192307692307 0.6959134615384616 0.15625 0.1875
1 0.3317307692307692 0.6790865384615384 0.15625 0.1875
1 0.24639423076923078 0.49759615384615385 0.16105769230769232 0.21634615384615385
1 0.3293269230769231 0.16706730769230768 0.16105769230769232 0.21634615384615385
1 0.40024038461538464 0.4855769230769231 0.16105769230769232 0.21634615384615385
1 0.7235576923076923 0.11658653846153846 0.25 0.19951923076923078
2 0.6706730769230769 0.42427884615384615 0.2980769230769231 0.44711538461538464