1 0.4723557692307692 0.23798076923076922 0.18269230769230768 0.23317307692307693
1 0.3245192307692308 0.5144230769230769 0.18269230769230768 0.17548076923076922
1 0.21754807692307693 0.16346153846153846 0.16826923076923078 0.19471153846153846
1 0.1310096153846154 0.5612980769230769 0.16346153846153846 0.22596153846153846
1 0.14182692307692307 0.27283653846153844 0.15865384615384615 0.19230769230769232
1 0.27283653846153844 0.07091346153846154 0.1466346153846154 0.13701923076923078
1 0.8425480769230769 0.16346153846153846 0.12980769230769232 0.20192307692307693
1 0.6057692307692307 0.6550480769230769 0.15384615384615385 0.1971153846153846
1 0.1622596153846154 0.8870192307692307 0.15625 0.1971153846153846
1 0.34375 0.7067307692307693 0.18509615384615385 0.19230769230769232
1 0.8774038461538461 0.8762019230769231 0.15384615384615385 0.1971153846153846
1 0.7692307692307693 0.6935096153846154 0.16346153846153846 0.1875
1 0.5637019230769231 0.8882211538461539 0.16105769230769232 0.20673076923076922
1 0.4074519230769231 0.9170673076923077 0.16826923076923078 0.16346153846153846
1 0.7283653846153846 0.8954326923076923 0.14903846153846154 0.20432692307692307
1 0.9158653846153846 0.4987980769230769 0.16346153846153846 0.18509615384615385
2 0.6778846153846154 0.3269230769230769 0.27884615384615385 0.3870192307692308