2 0.8257211538461539 0.38822115384615385 0.34375 0.27884615384615385
1 0.6911057692307693 0.6298076923076923 0.20192307692307693 0.21875
1 0.9326923076923077 0.5865384615384616 0.12980769230769232 0.17067307692307693
1 0.7319711538461539 0.0625 0.22596153846153846 0.1201923076923077
1 0.8425480769230769 0.71875 0.20673076923076922 0.15625
1 0.5144230769230769 0.8137019230769231 0.18269230769230768 0.13942307692307693
1 0.5709134615384616 0.4543269230769231 0.18269230769230768 0.13942307692307693
1 0.5685096153846154 0.3629807692307692 0.18269230769230768 0.13942307692307693
1 0.5913461538461539 0.28846153846153844 0.18269230769230768 0.13942307692307693
1 0.6358173076923077 0.25721153846153844 0.18269230769230768 0.13942307692307693
1 0.6814903846153846 0.17548076923076922 0.18269230769230768 0.13942307692307693
1 0.3329326923076923 0.08413461538461539 0.18269230769230768 0.13942307692307693
1 0.5108173076923077 0.054086538461538464 0.22355769230769232 0.10336538461538461
1 0.05889423076923077 0.4831730769230769 0.11538461538461539 0.13942307692307693
1 0.4110576923076923 0.43028846153846156 0.1778846153846154 0.1778846153846154
1 0.19951923076923078 0.6346153846153846 0.16346153846153846 0.13942307692307693
1 0.42427884615384615 0.9302884615384616 0.2644230769230769 0.13701923076923078
1 0.1971153846153846 0.8052884615384616 0.2548076923076923 0.18028846153846154
1 0.7776442307692307 0.8846153846153846 0.2548076923076923 0.1778846153846154
1 0.9098557692307693 0.8942307692307693 0.1778846153846154 0.1466346153846154
1 0.5144230769230769 0.5504807692307693 0.18269230769230768 0.13942307692307693
1 0.36899038461538464 0.5528846153846154 0.18269230769230768 0.13942307692307693