1 0.7403846153846154 0.7776442307692307 0.16826923076923078 0.20432692307692307
1 0.8076923076923077 0.6454326923076923 0.16826923076923078 0.20432692307692307
1 0.5024038461538461 0.9254807692307693 0.17307692307692307 0.14423076923076922
1 0.5432692307692307 0.8365384615384616 0.17307692307692307 0.14903846153846154
1 0.8016826923076923 0.171875 0.16826923076923078 0.19230769230769232
1 0.10336538461538461 0.46634615384615385 0.16826923076923078 0.20673076923076922
1 0.28725961538461536 0.7391826923076923 0.16826923076923078 0.20673076923076922
1 0.8713942307692307 0.421875 0.16346153846153846 0.23076923076923078
1 0.08413461538461539 0.8353365384615384 0.1658653846153846 0.28365384615384615
2 0.4338942307692308 0.2548076923076923 0.33653846153846156 0.39903846153846156
0 0.4855769230769231 0.6838942307692307 0.0625 0.08173076923076923
0 0.6394230769230769 0.5817307692307693 0.0625 0.08173076923076923