1 0.5841346153846154 0.5973557692307693 0.14903846153846154 0.21634615384615385
1 0.3449519230769231 0.6742788461538461 0.14903846153846154 0.21634615384615385
1 0.4230769230769231 0.6754807692307693 0.14903846153846154 0.21634615384615385
1 0.4567307692307692 0.8557692307692307 0.16346153846153846 0.20673076923076922
1 0.20793269230769232 0.8028846153846154 0.16346153846153846 0.20673076923076922
1 0.08173076923076923 0.8197115384615384 0.15865384615384615 0.20673076923076922
1 0.6201923076923077 0.9134615384615384 0.15384615384615385 0.16826923076923078
1 0.6778846153846154 0.8894230769230769 0.14903846153846154 0.17067307692307693
1 0.7151442307692307 0.8353365384615384 0.14903846153846154 0.17067307692307693
1 0.7800480769230769 0.7920673076923077 0.14903846153846154 0.17067307692307693
1 0.8173076923076923 0.75 0.14903846153846154 0.17067307692307693
1 0.8485576923076923 0.71875 0.14903846153846154 0.17067307692307693
1 0.7572115384615384 0.5036057692307693 0.14903846153846154 0.17067307692307693
1 0.8088942307692307 0.5204326923076923 0.14903846153846154 0.17067307692307693
1 0.8653846153846154 0.5480769230769231 0.14903846153846154 0.17067307692307693
1 0.6862980769230769 0.2956730769230769 0.15384615384615385 0.21634615384615385
1 0.078125 0.33533653846153844 0.15384615384615385 0.21634615384615385
1 0.203125 0.25240384615384615 0.15625 0.21634615384615385
1 0.35336538461538464 0.29927884615384615 0.13221153846153846 0.16826923076923078
1 0.6021634615384616 0.11177884615384616 0.13221153846153846 0.16826923076923078
1 0.9326923076923077 0.3737980769230769 0.12980769230769232 0.17067307692307693
2 0.8786057692307693 0.171875 0.22115384615384615 0.2548076923076923
1 0.4338942307692308 0.4879807692307692 0.14903846153846154 0.21634615384615385
1 0.328125 0.19230769230769232 0.14903846153846154 0.21634615384615385
0 0.29447115384615385 0.056490384615384616 0.04807692307692308 0.057692307692307696