2 0.8317307692307693 0.5348557692307693 0.3317307692307692 0.27403846153846156
1 0.5324519230769231 0.421875 0.1971153846153846 0.14423076923076922
1 0.29086538461538464 0.5925480769230769 0.21153846153846154 0.16105769230769232
1 0.2536057692307692 0.39783653846153844 0.21153846153846154 0.16105769230769232
1 0.2860576923076923 0.08413461538461539 0.2548076923076923 0.1658653846153846
1 0.6262019230769231 0.30649038461538464 0.2548076923076923 0.16826923076923078
1 0.671875 0.055288461538461536 0.24759615384615385 0.10817307692307693
1 0.5240384615384616 0.06490384615384616 0.18269230769230768 0.125
1 0.4026442307692308 0.203125 0.18269230769230768 0.12980769230769232
1 0.07451923076923077 0.2932692307692308 0.14903846153846154 0.18269230769230768
1 0.4338942307692308 0.3401442307692308 0.21153846153846154 0.16105769230769232
1 0.9278846153846154 0.2644230769230769 0.13942307692307693 0.15865384615384615
1 0.9362980769230769 0.3629807692307692 0.12259615384615384 0.125
1 0.5492788461538461 0.6862980769230769 0.20673076923076922 0.16346153846153846
1 0.5192307692307693 0.7391826923076923 0.14903846153846154 0.10096153846153846
1 0.5144230769230769 0.9314903846153846 0.21634615384615385 0.1346153846153846
1 0.4170673076923077 0.9014423076923077 0.21634615384615385 0.1346153846153846
1 0.125 0.9302884615384616 0.24519230769230768 0.1346153846153846
1 0.8894230769230769 0.9302884615384616 0.21634615384615385 0.1346153846153846
1 0.7415865384615384 0.8161057692307693 0.27403846153846156 0.1875
1 0.7331730769230769 0.6923076923076923 0.22115384615384615 0.18269230769230768
1 0.18990384615384615 0.5108173076923077 0.2548076923076923 0.19230769230769232