1 0.4855769230769231 0.8040865384615384 0.20432692307692307 0.1778846153846154
1 0.39783653846153844 0.7211538461538461 0.20432692307692307 0.1778846153846154
1 0.8149038461538461 0.6586538461538461 0.20432692307692307 0.1778846153846154
1 0.7259615384615384 0.8918269230769231 0.23557692307692307 0.18509615384615385
1 0.7439903846153846 0.8112980769230769 0.21634615384615385 0.16105769230769232
1 0.5456730769230769 0.36177884615384615 0.20432692307692307 0.1778846153846154
1 0.15264423076923078 0.5228365384615384 0.20432692307692307 0.1778846153846154
1 0.25961538461538464 0.9098557692307693 0.20673076923076922 0.17548076923076922
1 0.8329326923076923 0.44591346153846156 0.20432692307692307 0.1778846153846154
1 0.8064903846153846 0.12379807692307693 0.20432692307692307 0.1778846153846154
1 0.25240384615384615 0.12139423076923077 0.20432692307692307 0.1778846153846154
1 0.31490384615384615 0.2776442307692308 0.20432692307692307 0.1778846153846154
1 0.10336538461538461 0.15985576923076922 0.20192307692307693 0.13221153846153846
1 0.5961538461538461 0.19110576923076922 0.25 0.22596153846153846
1 0.07932692307692307 0.6983173076923077 0.15384615384615385 0.15144230769230768
2 0.10817307692307693 0.3125 0.21153846153846154 0.18269230769230768
0 0.7920673076923077 0.5901442307692307 0.0625 0.055288461538461536