1 0.6814903846153846 0.65625 0.19230769230769232 0.20673076923076922
1 0.5300480769230769 0.3161057692307692 0.1875 0.2668269230769231
1 0.7872596153846154 0.4831730769230769 0.1778846153846154 0.24759615384615385
1 0.29447115384615385 0.18389423076923078 0.21153846153846154 0.21153846153846154
1 0.05889423076923077 0.640625 0.11538461538461539 0.2980769230769231
1 0.6057692307692307 0.8665865384615384 0.20192307692307693 0.2403846153846154
1 0.7728365384615384 0.875 0.13221153846153846 0.24519230769230768
1 0.921875 0.3329326923076923 0.15144230769230768 0.2620192307692308
1 0.9278846153846154 0.6286057692307693 0.13942307692307693 0.2283653846153846
1 0.9314903846153846 0.9098557692307693 0.1346153846153846 0.17548076923076922
1 0.5709134615384616 0.109375 0.18990384615384615 0.21394230769230768
0 0.8137019230769231 0.6430288461538461 0.04807692307692308 0.06490384615384616
0 0.6430288461538461 0.4987980769230769 0.08173076923076923 0.09615384615384616
2 0.42788461538461536 0.625 0.3076923076923077 0.36538461538461536