1 0.8810096153846154 0.5240384615384616 0.23317307692307693 0.15865384615384615
1 0.8473557692307693 0.6862980769230769 0.19230769230769232 0.1658653846153846
1 0.2439903846153846 0.5432692307692307 0.20673076923076922 0.17067307692307693
1 0.15985576923076922 0.7019230769230769 0.25 0.18028846153846154
1 0.65625 0.5516826923076923 0.1971153846153846 0.1778846153846154
1 0.09375 0.4098557692307692 0.18269230769230768 0.18269230769230768
1 0.4807692307692308 0.6045673076923077 0.21875 0.12980769230769232
1 0.11177884615384616 0.9158653846153846 0.21875 0.16105769230769232
1 0.41586538461538464 0.7295673076923077 0.22115384615384615 0.16346153846153846
1 0.6382211538461539 0.7620192307692307 0.20192307692307693 0.16105769230769232
1 0.21995192307692307 0.2668269230769231 0.22115384615384615 0.15865384615384615
1 0.38461538461538464 0.8834134615384616 0.21153846153846154 0.14903846153846154
1 0.828125 0.8834134615384616 0.1778846153846154 0.18028846153846154
1 0.3137019230769231 0.0673076923076923 0.22596153846153846 0.12980769230769232
2 0.6947115384615384 0.19230769230769232 0.4423076923076923 0.3125
0 0.4795673076923077 0.5300480769230769 0.08653846153846154 0.055288461538461536