1 0.32572115384615385 0.16826923076923078 0.2548076923076923 0.16826923076923078
1 0.7692307692307693 0.5180288461538461 0.2548076923076923 0.16826923076923078
1 0.5661057692307693 0.33774038461538464 0.20673076923076922 0.2091346153846154
1 0.4483173076923077 0.7884615384615384 0.20673076923076922 0.15144230769230768
1 0.5853365384615384 0.8689903846153846 0.20673076923076922 0.15144230769230768
1 0.8293269230769231 0.7644230769230769 0.2692307692307692 0.15865384615384615
1 0.7223557692307693 0.0889423076923077 0.25961538461538464 0.17548076923076922
1 0.9014423076923077 0.1814903846153846 0.19230769230769232 0.16346153846153846
1 0.7608173076923077 0.9230769230769231 0.2091346153846154 0.14903846153846154
1 0.35216346153846156 0.9230769230769231 0.22355769230769232 0.14903846153846154
2 0.25600961538461536 0.49399038461538464 0.5048076923076923 0.3557692307692308
0 0.22235576923076922 0.29086538461538464 0.07451923076923077 0.0625
0 0.5817307692307693 0.13822115384615385 0.09615384615384616 0.08173076923076923