1 0.16826923076923078 0.7475961538461539 0.17067307692307693 0.22115384615384615
1 0.054086538461538464 0.546875 0.10576923076923077 0.24759615384615385
1 0.33774038461538464 0.3473557692307692 0.17067307692307693 0.22115384615384615
1 0.25841346153846156 0.29086538461538464 0.17307692307692307 0.2403846153846154
1 0.3088942307692308 0.09375 0.1466346153846154 0.18269230769230768
1 0.453125 0.09375 0.1466346153846154 0.18269230769230768
1 0.8762019230769231 0.5300480769230769 0.16346153846153846 0.20192307692307693
1 0.8293269230769231 0.31971153846153844 0.16346153846153846 0.20192307692307693
1 0.6682692307692307 0.39663461538461536 0.16346153846153846 0.20192307692307693
1 0.4675480769230769 0.5973557692307693 0.19230769230769232 0.21634615384615385
1 0.36538461538461536 0.5492788461538461 0.18028846153846154 0.21634615384615385
1 0.3233173076923077 0.8004807692307693 0.15384615384615385 0.2692307692307692
1 0.5348557692307693 0.8245192307692307 0.11057692307692307 0.24759615384615385
1 0.5997596153846154 0.15985576923076922 0.21153846153846154 0.3173076923076923
2 0.703125 0.7271634615384616 0.35096153846153844 0.4206730769230769