1 0.32091346153846156 0.9086538461538461 0.16826923076923078 0.1778846153846154
1 0.1622596153846154 0.8473557692307693 0.17307692307692307 0.20673076923076922
1 0.4987980769230769 0.7115384615384616 0.19471153846153846 0.24759615384615385
1 0.6802884615384616 0.9278846153846154 0.15865384615384615 0.13942307692307693
1 0.8978365384615384 0.4254807692307692 0.1971153846153846 0.23076923076923078
1 0.44471153846153844 0.11177884615384616 0.1466346153846154 0.22115384615384615
1 0.75 0.7932692307692307 0.18269230769230768 0.21634615384615385
1 0.36538461538461536 0.5024038461538461 0.18269230769230768 0.21634615384615385
1 0.1875 0.42908653846153844 0.18269230769230768 0.21634615384615385
1 0.6490384615384616 0.07091346153846154 0.20673076923076922 0.1346153846153846
1 0.9338942307692307 0.15504807692307693 0.12980769230769232 0.20192307692307693
2 0.6069711538461539 0.3161057692307692 0.31971153846153844 0.3942307692307692