1 0.21153846153846154 0.5673076923076923 0.15144230769230768 0.18269230769230768
1 0.1502403846153846 0.3629807692307692 0.13221153846153846 0.1875
1 0.055288461538461536 0.2620192307692308 0.11057692307692307 0.21634615384615385
1 0.17908653846153846 0.16826923076923078 0.16826923076923078 0.19230769230769232
1 0.859375 0.25721153846153844 0.14423076923076922 0.19230769230769232
1 0.8725961538461539 0.09014423076923077 0.1778846153846154 0.1778846153846154
1 0.7151442307692307 0.30408653846153844 0.19230769230769232 0.25
1 0.6706730769230769 0.5949519230769231 0.15144230769230768 0.22596153846153846
1 0.9086538461538461 0.9086538461538461 0.125 0.1778846153846154
1 0.6814903846153846 0.8088942307692307 0.15865384615384615 0.1875
1 0.5685096153846154 0.06971153846153846 0.13701923076923078 0.1346153846153846
1 0.7752403846153846 0.7956730769230769 0.15144230769230768 0.25
1 0.052884615384615384 0.47115384615384615 0.10096153846153846 0.19230769230769232
1 0.5733173076923077 0.44471153846153844 0.14903846153846154 0.18269230769230768
2 0.47475961538461536 0.6790865384615384 0.3798076923076923 0.47596153846153844