1 0.7836538461538461 0.16947115384615385 0.19230769230769232 0.21634615384615385
1 0.5168269230769231 0.5444711538461539 0.1778846153846154 0.16346153846153846
1 0.6105769230769231 0.3473557692307692 0.15865384615384615 0.21875
1 0.6598557692307693 0.6742788461538461 0.18269230769230768 0.22115384615384615
1 0.6802884615384616 0.9038461538461539 0.18028846153846154 0.1875
1 0.14543269230769232 0.11538461538461539 0.18990384615384615 0.22596153846153846
1 0.08774038461538461 0.3269230769230769 0.15625 0.1971153846153846
1 0.10576923076923077 0.8100961538461539 0.19230769230769232 0.20673076923076922
1 0.23798076923076922 0.9242788461538461 0.17067307692307693 0.14903846153846154
1 0.40865384615384615 0.9242788461538461 0.17067307692307693 0.14903846153846154
1 0.8689903846153846 0.734375 0.1658653846153846 0.21875
1 0.5793269230769231 0.26322115384615385 0.1658653846153846 0.21875
1 0.3473557692307692 0.19230769230769232 0.15865384615384615 0.1778846153846154
1 0.38100961538461536 0.7752403846153846 0.19471153846153846 0.2548076923076923
1 0.9362980769230769 0.6165865384615384 0.12259615384615384 0.20432692307692307
1 0.07692307692307693 0.6237980769230769 0.14903846153846154 0.19230769230769232
0 0.47596153846153844 0.13341346153846154 0.08653846153846154 0.10096153846153846
0 0.8713942307692307 0.47716346153846156 0.0985576923076923 0.1346153846153846
2 0.25 0.4831730769230769 0.3269230769230769 0.41346153846153844