1 0.8509615384615384 0.6622596153846154 0.18028846153846154 0.23317307692307693
1 0.8473557692307693 0.43149038461538464 0.18028846153846154 0.23317307692307693
1 0.08413461538461539 0.2091346153846154 0.1658653846153846 0.23557692307692307
1 0.7776442307692307 0.23076923076923078 0.15865384615384615 0.1971153846153846
1 0.4375 0.7848557692307693 0.15865384615384615 0.1971153846153846
1 0.06129807692307692 0.9314903846153846 0.1201923076923077 0.1346153846153846
1 0.5841346153846154 0.35096153846153844 0.15865384615384615 0.15865384615384615
1 0.3016826923076923 0.3701923076923077 0.15865384615384615 0.15865384615384615
1 0.4254807692307692 0.6117788461538461 0.15865384615384615 0.15865384615384615
1 0.6105769230769231 0.9182692307692307 0.15865384615384615 0.15865384615384615
1 0.36899038461538464 0.17548076923076922 0.16105769230769232 0.18269230769230768
1 0.19951923076923078 0.6935096153846154 0.16105769230769232 0.18269230769230768
1 0.7067307692307693 0.6670673076923077 0.16826923076923078 0.22115384615384615
1 0.65625 0.1310096153846154 0.18269230769230768 0.21634615384615385
1 0.41346153846153844 0.3401442307692308 0.11778846153846154 0.14903846153846154
2 0.09495192307692307 0.4639423076923077 0.1875 0.24519230769230768
0 0.8509615384615384 0.35096153846153844 0.040865384615384616 0.057692307692307696