1 0.19951923076923078 0.6550480769230769 0.23317307692307693 0.15865384615384615
1 0.4411057692307692 0.8185096153846154 0.23317307692307693 0.15865384615384615
1 0.6911057692307693 0.7932692307692307 0.22596153846153846 0.19230769230769232
1 0.8605769230769231 0.9158653846153846 0.20673076923076922 0.16346153846153846
1 0.8846153846153846 0.7163461538461539 0.22596153846153846 0.16826923076923078
1 0.3137019230769231 0.9350961538461539 0.22355769230769232 0.125
1 0.09375 0.8052884615384616 0.18269230769230768 0.1466346153846154
1 0.8293269230769231 0.49158653846153844 0.23076923076923078 0.11778846153846154
1 0.828125 0.4206730769230769 0.18990384615384615 0.1875
1 0.8329326923076923 0.23197115384615385 0.23076923076923078 0.16346153846153846
1 0.38341346153846156 0.6550480769230769 0.17067307692307693 0.14182692307692307
1 0.15264423076923078 0.3641826923076923 0.19230769230769232 0.15625
1 0.515625 0.14182692307692307 0.19230769230769232 0.15625
1 0.1346153846153846 0.24158653846153846 0.22596153846153846 0.15144230769230768
1 0.3161057692307692 0.12860576923076922 0.2403846153846154 0.1778846153846154
2 0.5360576923076923 0.3737980769230769 0.49759615384615385 0.3798076923076923