1 0.7067307692307693 0.8822115384615384 0.19230769230769232 0.15384615384615385
1 0.8269230769230769 0.44591346153846156 0.21634615384615385 0.19230769230769232
1 0.5252403846153846 0.09495192307692307 0.2620192307692308 0.1875
1 0.1875 0.15504807692307693 0.2620192307692308 0.1875
1 0.08173076923076923 0.28725961538461536 0.15865384615384615 0.16826923076923078
1 0.6177884615384616 0.4098557692307692 0.19230769230769232 0.15865384615384615
1 0.6790865384615384 0.24759615384615385 0.21153846153846154 0.21153846153846154
1 0.8173076923076923 0.06850961538461539 0.21153846153846154 0.13221153846153846
1 0.90625 0.9206730769230769 0.18269230769230768 0.15384615384615385
1 0.15504807692307693 0.8076923076923077 0.23076923076923078 0.16105769230769232
1 0.5144230769230769 0.6742788461538461 0.2403846153846154 0.20192307692307693
1 0.7620192307692307 0.7199519230769231 0.1971153846153846 0.18028846153846154