1 0.2283653846153846 0.8197115384615384 0.28125 0.15625
1 0.08774038461538461 0.3269230769230769 0.17067307692307693 0.18028846153846154
1 0.1141826923076923 0.5528846153846154 0.21634615384615385 0.1875
1 0.375 0.1466346153846154 0.21634615384615385 0.1875
1 0.7079326923076923 0.6334134615384616 0.21634615384615385 0.1875
1 0.9026442307692307 0.7608173076923077 0.19230769230769232 0.18269230769230768
1 0.8497596153846154 0.42908653846153844 0.23798076923076922 0.17067307692307693
1 0.6598557692307693 0.8401442307692307 0.18269230769230768 0.1658653846153846
1 0.27283653846153844 0.6574519230769231 0.22596153846153846 0.16826923076923078
1 0.4807692307692308 0.7235576923076923 0.25961538461538464 0.22115384615384615
1 0.9122596153846154 0.18509615384615385 0.17067307692307693 0.17307692307692307
1 0.53125 0.06610576923076923 0.22115384615384615 0.12740384615384615
2 0.5144230769230769 0.4387019230769231 0.4326923076923077 0.3317307692307692
0 0.07091346153846154 0.8605769230769231 0.07932692307692307 0.057692307692307696