2 0.4651442307692308 0.16826923076923078 0.27403846153846156 0.3317307692307692
1 0.578125 0.4675480769230769 0.14423076923076922 0.1971153846153846
1 0.4074519230769231 0.7091346153846154 0.16105769230769232 0.21153846153846154
1 0.6021634615384616 0.7463942307692307 0.16105769230769232 0.21153846153846154
1 0.9158653846153846 0.7139423076923077 0.1658653846153846 0.25721153846153844
1 0.6935096153846154 0.3737980769230769 0.16826923076923078 0.2548076923076923
1 0.9447115384615384 0.328125 0.10817307692307693 0.24759615384615385
1 0.9350961538461539 0.47596153846153844 0.125 0.18269230769230768
1 0.796875 0.5973557692307693 0.12980769230769232 0.18269230769230768
1 0.7079326923076923 0.9242788461538461 0.18509615384615385 0.1466346153846154
1 0.6598557692307693 0.5661057692307693 0.16105769230769232 0.21153846153846154
1 0.7355769230769231 0.07211538461538461 0.15865384615384615 0.13942307692307693
1 0.6370192307692307 0.06370192307692307 0.125 0.12259615384615384
1 0.3137019230769231 0.45072115384615385 0.16346153846153846 0.20673076923076922
1 0.2608173076923077 0.4807692307692308 0.10096153846153846 0.15144230769230768
1 0.06850961538461539 0.4855769230769231 0.1346153846153846 0.21634615384615385
1 0.0985576923076923 0.5829326923076923 0.1346153846153846 0.21634615384615385
1 0.06971153846153846 0.875 0.1346153846153846 0.24519230769230768
1 0.06850961538461539 0.109375 0.13701923076923078 0.21634615384615385
1 0.18389423076923078 0.25841346153846156 0.18990384615384615 0.2764423076923077
1 0.3076923076923077 0.2668269230769231 0.18269230769230768 0.22115384615384615
1 0.4891826923076923 0.8100961538461539 0.19230769230769232 0.2548076923076923