1 0.6646634615384616 0.9302884615384616 0.24519230769230768 0.13701923076923078
1 0.3473557692307692 0.8016826923076923 0.25961538461538464 0.17307692307692307
1 0.5552884615384616 0.39903846153846156 0.21634615384615385 0.13942307692307693
1 0.6009615384615384 0.5889423076923077 0.17307692307692307 0.1778846153846154
1 0.7536057692307693 0.4567307692307692 0.21153846153846154 0.19230769230769232
1 0.8305288461538461 0.6442307692307693 0.21153846153846154 0.19230769230769232
1 0.11298076923076923 0.3762019230769231 0.20192307692307693 0.14903846153846154
1 0.26802884615384615 0.2692307692307692 0.1778846153846154 0.19951923076923078
1 0.8882211538461539 0.2091346153846154 0.21875 0.1778846153846154
1 0.6466346153846154 0.22115384615384615 0.21634615384615385 0.1971153846153846
1 0.890625 0.8713942307692307 0.21394230769230768 0.18990384615384615
1 0.12139423076923077 0.6754807692307693 0.20192307692307693 0.14903846153846154
1 0.4074519230769231 0.12980769230769232 0.20192307692307693 0.14903846153846154
1 0.08173076923076923 0.18389423076923078 0.15865384615384615 0.15144230769230768
2 0.32211538461538464 0.5456730769230769 0.46153846153846156 0.32211538461538464