1 0.19951923076923078 0.39302884615384615 0.20192307692307693 0.16105769230769232
1 0.12740384615384615 0.06850961538461539 0.20432692307692307 0.13221153846153846
1 0.6814903846153846 0.5408653846153846 0.16826923076923078 0.23557692307692307
1 0.39783653846153844 0.3581730769230769 0.16826923076923078 0.19471153846153846
1 0.8569711538461539 0.4651442307692308 0.18509615384615385 0.1875
1 0.8786057692307693 0.18269230769230768 0.21153846153846154 0.16346153846153846
1 0.36658653846153844 0.5576923076923077 0.22115384615384615 0.1658653846153846
1 0.4375 0.7079326923076923 0.20673076923076922 0.18269230769230768
1 0.25961538461538464 0.7463942307692307 0.21634615384615385 0.1875
1 0.6694711538461539 0.9026442307692307 0.23076923076923078 0.17307692307692307
1 0.4987980769230769 0.8918269230769231 0.23076923076923078 0.14182692307692307
1 0.07451923076923077 0.5925480769230769 0.14903846153846154 0.15625
0 0.11298076923076923 0.8377403846153846 0.08653846153846154 0.07211538461538461
0 0.3449519230769231 0.9759615384615384 0.06490384615384616 0.04326923076923077
2 0.6033653846153846 0.13221153846153846 0.40865384615384615 0.25961538461538464
0 0.9423076923076923 0.03485576923076923 0.06009615384615385 0.057692307692307696