1 0.8365384615384616 0.6442307692307693 0.19230769230769232 0.25240384615384615
1 0.7548076923076923 0.3317307692307692 0.16826923076923078 0.2548076923076923
1 0.2620192307692308 0.5973557692307693 0.14423076923076922 0.21634615384615385
1 0.5336538461538461 0.8401442307692307 0.14423076923076922 0.21634615384615385
1 0.8149038461538461 0.8930288461538461 0.15865384615384615 0.21153846153846154
1 0.07932692307692307 0.3004807692307692 0.15625 0.21153846153846154
1 0.33413461538461536 0.4026442307692308 0.15865384615384615 0.21153846153846154
1 0.24639423076923078 0.24639423076923078 0.1778846153846154 0.20432692307692307
1 0.4206730769230769 0.22956730769230768 0.1778846153846154 0.20432692307692307
1 0.9230769230769231 0.3004807692307692 0.14903846153846154 0.21153846153846154
1 0.6971153846153846 0.7728365384615384 0.15144230769230768 0.20673076923076922
1 0.23798076923076922 0.11658653846153846 0.14423076923076922 0.15384615384615385
1 0.10216346153846154 0.8545673076923077 0.1971153846153846 0.20673076923076922
1 0.3870192307692308 0.6574519230769231 0.11057692307692307 0.27884615384615385
1 0.6213942307692307 0.14903846153846154 0.15865384615384615 0.21634615384615385
1 0.1045673076923077 0.5300480769230769 0.15865384615384615 0.21634615384615385
1 0.9194711538461539 0.0829326923076923 0.15625 0.1658653846153846
0 0.7259615384615384 0.057692307692307696 0.08653846153846154 0.11057692307692307
0 0.4987980769230769 0.14302884615384615 0.055288461538461536 0.04807692307692308
2 0.5564903846153846 0.48677884615384615 0.3798076923076923 0.4519230769230769