1 0.8509615384615384 0.33774038461538464 0.18028846153846154 0.23317307692307693
1 0.8473557692307693 0.5685096153846154 0.18028846153846154 0.23317307692307693
1 0.08413461538461539 0.7908653846153846 0.1658653846153846 0.23557692307692307
1 0.7776442307692307 0.7692307692307693 0.15865384615384615 0.1971153846153846
1 0.4375 0.21514423076923078 0.15865384615384615 0.1971153846153846
1 0.06129807692307692 0.06850961538461539 0.1201923076923077 0.1346153846153846
1 0.5841346153846154 0.6490384615384616 0.15865384615384615 0.15865384615384615
1 0.3016826923076923 0.6298076923076923 0.15865384615384615 0.15865384615384615
1 0.4254807692307692 0.38822115384615385 0.15865384615384615 0.15865384615384615
1 0.6105769230769231 0.08173076923076923 0.15865384615384615 0.15865384615384615
1 0.36899038461538464 0.8245192307692307 0.16105769230769232 0.18269230769230768
1 0.19951923076923078 0.30649038461538464 0.16105769230769232 0.18269230769230768
1 0.7067307692307693 0.3329326923076923 0.16826923076923078 0.22115384615384615
1 0.65625 0.8689903846153846 0.18269230769230768 0.21634615384615385
1 0.41346153846153844 0.6598557692307693 0.11778846153846154 0.14903846153846154
2 0.09495192307692307 0.5360576923076923 0.1875 0.24519230769230768
0 0.8509615384615384 0.6490384615384616 0.040865384615384616 0.057692307692307696