1 0.4675480769230769 0.32091346153846156 0.18269230769230768 0.24519230769230768
1 0.6959134615384616 0.7391826923076923 0.18269230769230768 0.24519230769230768
1 0.8497596153846154 0.8149038461538461 0.18269230769230768 0.24519230769230768
1 0.9098557692307693 0.36899038461538464 0.17548076923076922 0.2091346153846154
1 0.9326923076923077 0.59375 0.12980769230769232 0.25
1 0.7680288461538461 0.5216346153846154 0.16346153846153846 0.20192307692307693
1 0.7175480769230769 0.2860576923076923 0.16346153846153846 0.20192307692307693
1 0.7596153846153846 0.10576923076923077 0.16346153846153846 0.20192307692307693
1 0.24879807692307693 0.15985576923076922 0.16346153846153846 0.20192307692307693
2 0.46033653846153844 0.7920673076923077 0.34375 0.4110576923076923
2 0.16947115384615385 0.5228365384615384 0.33653846153846156 0.5240384615384616