1 0.8137019230769231 0.359375 0.17307692307692307 0.18269230769230768
1 0.31009615384615385 0.6838942307692307 0.17067307692307693 0.25
1 0.09975961538461539 0.4411057692307692 0.17067307692307693 0.25
1 0.9278846153846154 0.7872596153846154 0.14182692307692307 0.25
1 0.7896634615384616 0.7391826923076923 0.18269230769230768 0.2403846153846154
1 0.8197115384615384 0.5913461538461539 0.18269230769230768 0.24278846153846154
1 0.9182692307692307 0.16706730769230768 0.16105769230769232 0.22596153846153846
1 0.43149038461538464 0.9086538461538461 0.17307692307692307 0.1778846153846154
0 0.9302884615384616 0.4807692307692308 0.07932692307692307 0.09615384615384616
0 0.6766826923076923 0.5144230769230769 0.07692307692307693 0.08173076923076923
0 0.9182692307692307 0.9699519230769231 0.0673076923076923 0.057692307692307696
2 0.40865384615384615 0.27524038461538464 0.4807692307692308 0.5456730769230769