1 0.24158653846153846 0.09495192307692307 0.1971153846153846 0.15384615384615385
1 0.4651442307692308 0.055288461538461536 0.27403846153846156 0.10817307692307693
1 0.6262019230769231 0.5745192307692307 0.23557692307692307 0.19471153846153846
1 0.3713942307692308 0.6923076923076923 0.22596153846153846 0.15865384615384615
1 0.2692307692307692 0.3473557692307692 0.24519230769230768 0.15625
1 0.5024038461538461 0.9050480769230769 0.23076923076923078 0.18509615384615385
1 0.9098557692307693 0.5721153846153846 0.1778846153846154 0.16346153846153846
1 0.7223557692307693 0.22115384615384615 0.20432692307692307 0.20673076923076922
1 0.5540865384615384 0.1778846153846154 0.2692307692307692 0.1971153846153846
1 0.24639423076923078 0.5300480769230769 0.21153846153846154 0.1971153846153846
1 0.9182692307692307 0.3629807692307692 0.15865384615384615 0.19230769230769232
0 0.08173076923076923 0.35096153846153844 0.09375 0.0625
0 0.828125 0.453125 0.08653846153846154 0.057692307692307696
2 0.8269230769230769 0.7475961538461539 0.3173076923076923 0.24519230769230768