1 0.5324519230769231 0.6790865384615384 0.18269230769230768 0.24519230769230768
1 0.30408653846153844 0.2608173076923077 0.18269230769230768 0.24759615384615385
1 0.1502403846153846 0.18509615384615385 0.18269230769230768 0.24759615384615385
1 0.09014423076923077 0.6310096153846154 0.17548076923076922 0.2091346153846154
1 0.0673076923076923 0.40625 0.12980769230769232 0.25
1 0.23197115384615385 0.47836538461538464 0.16346153846153846 0.20192307692307693
1 0.2824519230769231 0.7139423076923077 0.16346153846153846 0.20192307692307693
1 0.2403846153846154 0.8942307692307693 0.16346153846153846 0.20192307692307693
1 0.7512019230769231 0.8401442307692307 0.16346153846153846 0.20192307692307693
2 0.5408653846153846 0.20673076923076922 0.34134615384615385 0.41346153846153844
2 0.8305288461538461 0.47716346153846156 0.33653846153846156 0.5264423076923077