1 0.7331730769230769 0.19591346153846154 0.17307692307692307 0.17067307692307693
1 0.9122596153846154 0.25240384615384615 0.17307692307692307 0.17067307692307693
1 0.5240384615384616 0.11177884615384616 0.125 0.20673076923076922
1 0.8918269230769231 0.7055288461538461 0.1875 0.21875
1 0.7740384615384616 0.5444711538461539 0.1875 0.21875
1 0.12620192307692307 0.5324519230769231 0.18990384615384615 0.21875
1 0.23197115384615385 0.5588942307692307 0.1875 0.21875
1 0.47596153846153844 0.49278846153846156 0.15144230769230768 0.16826923076923078
1 0.8545673076923077 0.9014423076923077 0.19230769230769232 0.19230769230769232
1 0.10576923076923077 0.75 0.12980769230769232 0.21634615384615385
1 0.08173076923076923 0.18028846153846154 0.16105769230769232 0.2548076923076923
1 0.31490384615384615 0.07692307692307693 0.15865384615384615 0.14903846153846154
0 0.6310096153846154 0.8040865384615384 0.0625 0.08653846153846154
0 0.15504807692307693 0.8737980769230769 0.0673076923076923 0.10096153846153846
2 0.44591346153846156 0.8185096153846154 0.3245192307692308 0.3581730769230769