1 0.8173076923076923 0.7283653846153846 0.2644230769230769 0.17307692307692307
1 0.5829326923076923 0.27403846153846156 0.20673076923076922 0.14423076923076922
1 0.9170673076923077 0.44350961538461536 0.16346153846153846 0.1658653846153846
1 0.6105769230769231 0.4723557692307692 0.22115384615384615 0.16826923076923078
1 0.5144230769230769 0.8581730769230769 0.19230769230769232 0.16826923076923078
1 0.41346153846153844 0.6862980769230769 0.15865384615384615 0.17307692307692307
1 0.6177884615384616 0.6778846153846154 0.18990384615384615 0.15625
1 0.4050480769230769 0.14182692307692307 0.23557692307692307 0.15384615384615385
1 0.7367788461538461 0.9230769230769231 0.23557692307692307 0.15144230769230768
1 0.8209134615384616 0.38341346153846156 0.23798076923076922 0.19471153846153846
1 0.07692307692307693 0.4182692307692308 0.14903846153846154 0.20432692307692307
2 0.33774038461538464 0.39663461538461536 0.4206730769230769 0.3173076923076923