1 0.3942307692307692 0.23076923076923078 0.18269230769230768 0.16826923076923078
1 0.09375 0.13822115384615385 0.18269230769230768 0.17067307692307693
1 0.8557692307692307 0.47716346153846156 0.18509615384615385 0.16826923076923078
1 0.1971153846153846 0.8149038461538461 0.25240384615384615 0.17307692307692307
1 0.7475961538461539 0.6754807692307693 0.2548076923076923 0.17307692307692307
1 0.08533653846153846 0.7043269230769231 0.1658653846153846 0.16826923076923078
1 0.6298076923076923 0.1778846153846154 0.15865384615384615 0.14903846153846154
1 0.8341346153846154 0.23798076923076922 0.23557692307692307 0.1778846153846154
1 0.6802884615384616 0.8052884615384616 0.24519230769230768 0.14182692307692307
1 0.6358173076923077 0.2692307692307692 0.17548076923076922 0.1466346153846154
1 0.3125 0.06490384615384616 0.25961538461538464 0.125
2 0.3004807692307692 0.43509615384615385 0.46153846153846156 0.3701923076923077