1 0.27163461538461536 0.18269230769230768 0.17307692307692307 0.2644230769230769
1 0.7259615384615384 0.4170673076923077 0.14423076923076922 0.2091346153846154
1 0.5564903846153846 0.0829326923076923 0.1658653846153846 0.16346153846153846
1 0.5276442307692307 0.3894230769230769 0.16826923076923078 0.22115384615384615
1 0.14182692307692307 0.4855769230769231 0.16826923076923078 0.19230769230769232
1 0.3137019230769231 0.5865384615384616 0.17307692307692307 0.15865384615384615
1 0.32211538461538464 0.38221153846153844 0.15625 0.18990384615384615
1 0.8581730769230769 0.5949519230769231 0.15384615384615385 0.23557692307692307
1 0.07692307692307693 0.26322115384615385 0.15144230769230768 0.23557692307692307
1 0.6165865384615384 0.17908653846153846 0.19471153846153846 0.23798076923076922
1 0.5817307692307693 0.9230769230769231 0.20432692307692307 0.14903846153846154
2 0.6033653846153846 0.6622596153846154 0.3173076923076923 0.4206730769230769