1 0.6838942307692307 0.3317307692307692 0.1778846153846154 0.19230769230769232
1 0.7728365384615384 0.5516826923076923 0.1875 0.24519230769230768
1 0.6262019230769231 0.6875 0.16826923076923078 0.22596153846153846
1 0.5216346153846154 0.5901442307692307 0.16346153846153846 0.19230769230769232
1 0.6177884615384616 0.9026442307692307 0.16346153846153846 0.19230769230769232
1 0.6418269230769231 0.10576923076923077 0.17307692307692307 0.21153846153846154
1 0.43028846153846156 0.078125 0.17307692307692307 0.15144230769230768
1 0.7872596153846154 0.8870192307692307 0.17548076923076922 0.22115384615384615
1 0.9254807692307693 0.19110576923076922 0.14423076923076922 0.2283653846153846
1 0.3425480769230769 0.7560096153846154 0.14423076923076922 0.22596153846153846
1 0.15745192307692307 0.7355769230769231 0.14423076923076922 0.22596153846153846
1 0.08774038461538461 0.625 0.14423076923076922 0.22596153846153846
2 0.22115384615384615 0.34375 0.3557692307692308 0.38461538461538464