1 0.8834134615384616 0.2848557692307692 0.16105769230769232 0.20673076923076922
1 0.5865384615384616 0.6634615384615384 0.12980769230769232 0.1778846153846154
1 0.13942307692307693 0.6069711538461539 0.16105769230769232 0.1971153846153846
1 0.7367788461538461 0.7932692307692307 0.16105769230769232 0.1971153846153846
1 0.18028846153846154 0.3786057692307692 0.16346153846153846 0.23076923076923078
1 0.06610576923076923 0.17427884615384615 0.13221153846153846 0.1778846153846154
1 0.19471153846153846 0.07932692307692307 0.15384615384615385 0.15384615384615385
1 0.44711538461538464 0.04927884615384615 0.16346153846153846 0.09375
1 0.6634615384615384 0.042067307692307696 0.15865384615384615 0.07932692307692307
1 0.9314903846153846 0.7848557692307693 0.1346153846153846 0.17067307692307693
2 0.5661057692307693 0.33052884615384615 0.24519230769230768 0.31009615384615385
1 0.7439903846153846 0.28125 0.12980769230769232 0.21394230769230768
1 0.7620192307692307 0.4483173076923077 0.12980769230769232 0.21394230769230768
1 0.37259615384615385 0.5661057692307693 0.13942307692307693 0.23076923076923078
1 0.47836538461538464 0.6862980769230769 0.14182692307692307 0.1971153846153846