1 0.22355769230769232 0.2764423076923077 0.21153846153846154 0.17548076923076922
1 0.234375 0.46153846153846156 0.21153846153846154 0.12980769230769232
1 0.9158653846153846 0.515625 0.16346153846153846 0.15144230769230768
1 0.5 0.5564903846153846 0.22115384615384615 0.13942307692307693
1 0.21153846153846154 0.5817307692307693 0.18990384615384615 0.11778846153846154
1 0.6478365384615384 0.1622596153846154 0.23317307692307693 0.15625
1 0.8293269230769231 0.22716346153846154 0.1778846153846154 0.14423076923076922
1 0.9194711538461539 0.08413461538461539 0.15865384615384615 0.15384615384615385
1 0.9459134615384616 0.30408653846153844 0.10336538461538461 0.15625
1 0.6995192307692307 0.43509615384615385 0.1778846153846154 0.14423076923076922
1 0.6442307692307693 0.34975961538461536 0.21634615384615385 0.14903846153846154
1 0.8978365384615384 0.9182692307692307 0.19951923076923078 0.15384615384615385
1 0.6670673076923077 0.9471153846153846 0.2403846153846154 0.10096153846153846
2 0.7644230769230769 0.7259615384615384 0.4182692307692308 0.35096153846153844
0 0.3473557692307692 0.2620192307692308 0.08173076923076923 0.0625
0 0.5709134615384616 0.056490384615384616 0.08173076923076923 0.07692307692307693