1 0.8052884615384616 0.125 0.22596153846153846 0.1778846153846154
1 0.7692307692307693 0.41225961538461536 0.22596153846153846 0.1778846153846154
1 0.609375 0.8293269230769231 0.22596153846153846 0.1778846153846154
1 0.23076923076923078 0.7067307692307693 0.22596153846153846 0.1778846153846154
1 0.4951923076923077 0.5973557692307693 0.22596153846153846 0.1778846153846154
1 0.6286057692307693 0.546875 0.22596153846153846 0.1778846153846154
1 0.7932692307692307 0.7211538461538461 0.22596153846153846 0.15865384615384615
1 0.09975961538461539 0.5264423076923077 0.1971153846153846 0.16346153846153846
1 0.6105769230769231 0.19951923076923078 0.1971153846153846 0.16346153846153846
1 0.5576923076923077 0.07692307692307693 0.23076923076923078 0.14903846153846154
2 0.3088942307692308 0.3137019230769231 0.4567307692307692 0.38221153846153844