1 0.6442307692307693 0.3629807692307692 0.1971153846153846 0.23557692307692307
1 0.4831730769230769 0.2932692307692308 0.16826923076923078 0.25961538461538464
1 0.33413461538461536 0.2536057692307692 0.15865384615384615 0.17067307692307693
1 0.2920673076923077 0.18389423076923078 0.17307692307692307 0.1778846153846154
1 0.07572115384615384 0.11298076923076923 0.14903846153846154 0.20673076923076922
1 0.19471153846153846 0.7127403846153846 0.125 0.19951923076923078
1 0.9074519230769231 0.5829326923076923 0.15144230769230768 0.22115384615384615
1 0.7776442307692307 0.13822115384615385 0.16346153846153846 0.20673076923076922
1 0.7692307692307693 0.7776442307692307 0.17307692307692307 0.21875
1 0.5456730769230769 0.7980769230769231 0.14423076923076922 0.18269230769230768
1 0.4675480769230769 0.84375 0.13942307692307693 0.1971153846153846
2 0.3629807692307692 0.5276442307692307 0.3173076923076923 0.46634615384615385