1 0.6682692307692307 0.3161057692307692 0.19230769230769232 0.1778846153846154
1 0.4483173076923077 0.22716346153846154 0.24519230769230768 0.1875
1 0.3125 0.3737980769230769 0.22596153846153846 0.16826923076923078
1 0.4098557692307692 0.47836538461538464 0.19230769230769232 0.16346153846153846
1 0.09735576923076923 0.38221153846153844 0.19230769230769232 0.16346153846153846
1 0.8930288461538461 0.359375 0.2091346153846154 0.17548076923076922
1 0.921875 0.5697115384615384 0.15144230769230768 0.17307692307692307
1 0.11298076923076923 0.2127403846153846 0.22115384615384615 0.17548076923076922
1 0.8088942307692307 0.07451923076923077 0.2283653846153846 0.14423076923076922
1 0.2439903846153846 0.6574519230769231 0.22596153846153846 0.14423076923076922
1 0.2644230769230769 0.8425480769230769 0.22596153846153846 0.1466346153846154
1 0.375 0.9122596153846154 0.22596153846153846 0.14423076923076922
2 0.65625 0.7788461538461539 0.38461538461538464 0.3557692307692308