1 0.3762019230769231 0.6225961538461539 0.21153846153846154 0.17307692307692307
1 0.6514423076923077 0.6009615384615384 0.21153846153846154 0.17307692307692307
1 0.8425480769230769 0.6574519230769231 0.21153846153846154 0.17307692307692307
1 0.2620192307692308 0.31009615384615385 0.21153846153846154 0.17307692307692307
1 0.12139423076923077 0.17548076923076922 0.16826923076923078 0.125
1 0.6237980769230769 0.3004807692307692 0.20673076923076922 0.15865384615384615
1 0.6682692307692307 0.18389423076923078 0.20673076923076922 0.15865384615384615
1 0.8209134615384616 0.2848557692307692 0.19230769230769232 0.16346153846153846
1 0.2644230769230769 0.8149038461538461 0.19230769230769232 0.16346153846153846
1 0.6346153846153846 0.7884615384615384 0.21153846153846154 0.19230769230769232
1 0.4651442307692308 0.9170673076923077 0.25721153846153844 0.16105769230769232
1 0.11057692307692307 0.6262019230769231 0.19230769230769232 0.16346153846153846
1 0.13341346153846154 0.6887019230769231 0.19230769230769232 0.16346153846153846
1 0.7776442307692307 0.9086538461538461 0.19230769230769232 0.16346153846153846
2 0.390625 0.11538461538461539 0.4423076923076923 0.2283653846153846
0 0.4723557692307692 0.3016826923076923 0.09615384615384616 0.057692307692307696