1 0.5721153846153846 0.7247596153846154 0.1875 0.21153846153846154
1 0.4098557692307692 0.7848557692307693 0.14182692307692307 0.1971153846153846
1 0.38822115384615385 0.5745192307692307 0.14182692307692307 0.1971153846153846
1 0.2800480769230769 0.39903846153846156 0.14182692307692307 0.1971153846153846
1 0.6634615384615384 0.6646634615384616 0.125 0.16826923076923078
1 0.22235576923076922 0.09375 0.15625 0.18269230769230768
1 0.5084134615384616 0.09615384615384616 0.18028846153846154 0.19230769230769232
1 0.9002403846153846 0.09615384615384616 0.18028846153846154 0.19230769230769232
1 0.13822115384615385 0.7908653846153846 0.18028846153846154 0.20673076923076922
1 0.31009615384615385 0.9158653846153846 0.20673076923076922 0.16346153846153846
1 0.07211538461538461 0.18509615384615385 0.13942307692307693 0.21634615384615385
1 0.055288461538461536 0.44350961538461536 0.10576923076923077 0.2764423076923077
1 0.8497596153846154 0.6971153846153846 0.1778846153846154 0.2548076923076923
1 0.8762019230769231 0.2932692307692308 0.1778846153846154 0.2548076923076923
2 0.7235576923076923 0.37740384615384615 0.19951923076923078 0.27884615384615385
0 0.5060096153846154 0.5540865384615384 0.0673076923076923 0.08173076923076923
0 0.5889423076923077 0.4206730769230769 0.0673076923076923 0.08173076923076923
1 0.1971153846153846 0.41947115384615385 0.10096153846153846 0.1778846153846154