1 0.5841346153846154 0.4026442307692308 0.14903846153846154 0.21634615384615385
1 0.3449519230769231 0.32572115384615385 0.15144230769230768 0.21634615384615385
1 0.4230769230769231 0.3245192307692308 0.15144230769230768 0.21634615384615385
1 0.4567307692307692 0.14423076923076922 0.16346153846153846 0.20673076923076922
1 0.20793269230769232 0.1971153846153846 0.16346153846153846 0.20673076923076922
1 0.08173076923076923 0.18028846153846154 0.16105769230769232 0.20673076923076922
1 0.6201923076923077 0.08653846153846154 0.15384615384615385 0.16826923076923078
1 0.6778846153846154 0.11057692307692307 0.15144230769230768 0.17067307692307693
1 0.7151442307692307 0.16466346153846154 0.14903846153846154 0.17067307692307693
1 0.7800480769230769 0.20793269230769232 0.14903846153846154 0.17067307692307693
1 0.8173076923076923 0.25 0.14903846153846154 0.17067307692307693
1 0.8485576923076923 0.28125 0.14903846153846154 0.17067307692307693
1 0.7572115384615384 0.4963942307692308 0.14903846153846154 0.17067307692307693
1 0.8088942307692307 0.4795673076923077 0.14903846153846154 0.17067307692307693
1 0.8653846153846154 0.4519230769230769 0.14903846153846154 0.17067307692307693
1 0.6862980769230769 0.7043269230769231 0.15384615384615385 0.21634615384615385
1 0.078125 0.6646634615384616 0.15384615384615385 0.21634615384615385
1 0.203125 0.7475961538461539 0.15625 0.21634615384615385
1 0.35336538461538464 0.7007211538461539 0.13221153846153846 0.16826923076923078
1 0.6021634615384616 0.8882211538461539 0.13221153846153846 0.16826923076923078
1 0.9326923076923077 0.6262019230769231 0.12980769230769232 0.17067307692307693
2 0.8786057692307693 0.828125 0.22115384615384615 0.2548076923076923
1 0.4338942307692308 0.5120192307692307 0.14903846153846154 0.21634615384615385
1 0.328125 0.8076923076923077 0.15144230769230768 0.21634615384615385
0 0.29447115384615385 0.9435096153846154 0.04807692307692308 0.057692307692307696