1 0.7127403846153846 0.5805288461538461 0.15865384615384615 0.21875
1 0.4807692307692308 0.609375 0.15865384615384615 0.21875
1 0.4411057692307692 0.828125 0.15865384615384615 0.21875
1 0.6153846153846154 0.7512019230769231 0.14903846153846154 0.20192307692307693
1 0.7475961538461539 0.8629807692307693 0.14903846153846154 0.20192307692307693
1 0.6947115384615384 0.3737980769230769 0.14903846153846154 0.20192307692307693
1 0.5877403846153846 0.19591346153846154 0.17067307692307693 0.19951923076923078
1 0.5336538461538461 0.40384615384615385 0.17067307692307693 0.19951923076923078
1 0.12379807692307693 0.3401442307692308 0.17067307692307693 0.2403846153846154
1 0.12139423076923077 0.8569711538461539 0.17067307692307693 0.2403846153846154
1 0.2548076923076923 0.7055288461538461 0.21153846153846154 0.22596153846153846
1 0.8461538461538461 0.2824519230769231 0.17067307692307693 0.2403846153846154
1 0.8786057692307693 0.4963942307692308 0.17067307692307693 0.2403846153846154
2 0.33533653846153844 0.13701923076923078 0.3485576923076923 0.2692307692307692