2 0.6862980769230769 0.3786057692307692 0.2932692307692308 0.3557692307692308
1 0.8689903846153846 0.4567307692307692 0.13221153846153846 0.2548076923076923
1 0.27884615384615385 0.7764423076923077 0.16105769230769232 0.2403846153846154
1 0.10096153846153846 0.8112980769230769 0.16105769230769232 0.2403846153846154
1 0.19951923076923078 0.8449519230769231 0.16105769230769232 0.2403846153846154
1 0.5552884615384616 0.9134615384615384 0.18269230769230768 0.16826923076923078
1 0.7019230769230769 0.9134615384615384 0.18269230769230768 0.16826923076923078
1 0.7139423076923077 0.8473557692307693 0.18269230769230768 0.17067307692307693
1 0.33653846153846156 0.4098557692307692 0.16105769230769232 0.19230769230769232
1 0.1502403846153846 0.5048076923076923 0.16105769230769232 0.19230769230769232
1 0.4338942307692308 0.5372596153846154 0.20432692307692307 0.23798076923076922
1 0.10336538461538461 0.19831730769230768 0.12980769230769232 0.1971153846153846
1 0.9555288461538461 0.39302884615384615 0.08653846153846154 0.27884615384615385
1 0.7463942307692307 0.09735576923076923 0.23317307692307693 0.19230769230769232
1 0.5721153846153846 0.6117788461538461 0.1346153846153846 0.1778846153846154
1 0.6610576923076923 0.6875 0.1658653846153846 0.19230769230769232
1 0.41947115384615385 0.3737980769230769 0.16105769230769232 0.19230769230769232