2 0.6045673076923077 0.7463942307692307 0.33653846153846156 0.49038461538461536
1 0.3894230769230769 0.6177884615384616 0.11778846153846154 0.20192307692307693
1 0.3737980769230769 0.8545673076923077 0.1466346153846154 0.2403846153846154
1 0.234375 0.7524038461538461 0.15625 0.17067307692307693
1 0.08173076923076923 0.8004807692307693 0.15865384615384615 0.20192307692307693
1 0.2403846153846154 0.9206730769230769 0.16105769230769232 0.15384615384615385
1 0.27163461538461536 0.14783653846153846 0.17307692307692307 0.20673076923076922
1 0.5 0.07451923076923077 0.16826923076923078 0.14903846153846154
1 0.8930288461538461 0.09014423076923077 0.2091346153846154 0.17548076923076922
1 0.9194711538461539 0.32211538461538464 0.15865384615384615 0.22115384615384615
1 0.8221153846153846 0.7596153846153846 0.16105769230769232 0.22115384615384615
1 0.5324519230769231 0.4699519230769231 0.16105769230769232 0.22115384615384615
1 0.7692307692307693 0.2800480769230769 0.1778846153846154 0.18990384615384615
1 0.06129807692307692 0.6045673076923077 0.11778846153846154 0.2091346153846154
0 0.5096153846153846 0.18389423076923078 0.07211538461538461 0.07692307692307693
1 0.33052884615384615 0.47475961538461536 0.17307692307692307 0.20673076923076922