1 0.15865384615384615 0.2776442307692308 0.11778846153846154 0.28365384615384615
1 0.27403846153846156 0.6466346153846154 0.1778846153846154 0.20673076923076922
1 0.07211538461538461 0.5264423076923077 0.14182692307692307 0.20673076923076922
1 0.41346153846153844 0.2620192307692308 0.16105769230769232 0.20673076923076922
1 0.41225961538461536 0.09375 0.15625 0.18269230769230768
1 0.7896634615384616 0.40024038461538464 0.16105769230769232 0.1971153846153846
1 0.5697115384615384 0.5300480769230769 0.1778846153846154 0.1971153846153846
1 0.5276442307692307 0.7848557692307693 0.16826923076923078 0.23317307692307693
1 0.8161057692307693 0.9278846153846154 0.16346153846153846 0.13942307692307693
1 0.6875 0.8088942307692307 0.15384615384615385 0.1971153846153846
1 0.6778846153846154 0.5949519230769231 0.14423076923076922 0.24519230769230768
1 0.9122596153846154 0.3401442307692308 0.12980769230769232 0.19230769230769232
1 0.0889423076923077 0.8305288461538461 0.15144230769230768 0.22115384615384615
1 0.23798076923076922 0.9002403846153846 0.15384615384615385 0.1971153846153846
1 0.37740384615384615 0.9146634615384616 0.1346153846153846 0.16826923076923078
0 0.016826923076923076 0.3786057692307692 0.03125 0.07211538461538461
0 0.6310096153846154 0.43990384615384615 0.0625 0.0625
2 0.6862980769230769 0.16826923076923078 0.40625 0.33653846153846156