1 0.34615384615384615 0.49399038461538464 0.15144230769230768 0.20432692307692307
1 0.6370192307692307 0.4519230769230769 0.15144230769230768 0.20432692307692307
1 0.7247596153846154 0.4182692307692308 0.15144230769230768 0.20432692307692307
1 0.6538461538461539 0.18389423076923078 0.17067307692307693 0.23317307692307693
1 0.46033653846153844 0.3317307692307692 0.17067307692307693 0.23317307692307693
1 0.3293269230769231 0.13221153846153846 0.16346153846153846 0.20192307692307693
1 0.17067307692307693 0.07932692307692307 0.18509615384615385 0.1466346153846154
1 0.29086538461538464 0.8317307692307693 0.1971153846153846 0.27403846153846156
1 0.07692307692307693 0.30649038461538464 0.15144230769230768 0.20432692307692307
1 0.8762019230769231 0.5504807692307693 0.15144230769230768 0.20432692307692307
1 0.5721153846153846 0.0889423076923077 0.13942307692307693 0.17307692307692307
1 0.1622596153846154 0.43149038461538464 0.16346153846153846 0.18028846153846154
1 0.09735576923076923 0.6382211538461539 0.16826923076923078 0.19230769230769232
1 0.13341346153846154 0.9242788461538461 0.16826923076923078 0.14903846153846154
2 0.4807692307692308 0.7079326923076923 0.2620192307692308 0.27403846153846156