1 0.07451923076923077 0.6286057692307693 0.13221153846153846 0.21875
1 0.41586538461538464 0.1310096153846154 0.1778846153846154 0.23076923076923078
1 0.3233173076923077 0.7055288461538461 0.15384615384615385 0.23076923076923078
1 0.19591346153846154 0.9146634615384616 0.13221153846153846 0.1658653846153846
1 0.9134615384615384 0.1346153846153846 0.15865384615384615 0.21634615384615385
1 0.7091346153846154 0.2692307692307692 0.13942307692307693 0.18269230769230768
1 0.47475961538461536 0.5733173076923077 0.1778846153846154 0.20673076923076922
1 0.5072115384615384 0.7151442307692307 0.1778846153846154 0.20673076923076922
1 0.21514423076923078 0.49158653846153844 0.16826923076923078 0.23798076923076922
1 0.3269230769230769 0.44591346153846156 0.16826923076923078 0.23798076923076922
1 0.3173076923076923 0.11658653846153846 0.1658653846153846 0.23076923076923078
1 0.5985576923076923 0.8245192307692307 0.15625 0.14423076923076922
1 0.07091346153846154 0.3245192307692308 0.13942307692307693 0.18269230769230768
2 0.7872596153846154 0.6658653846153846 0.3798076923076923 0.47596153846153844