1 0.3233173076923077 0.4362980769230769 0.13942307692307693 0.21875
1 0.5012019230769231 0.8990384615384616 0.17067307692307693 0.1971153846153846
1 0.3557692307692308 0.8557692307692307 0.16826923076923078 0.1971153846153846
1 0.4266826923076923 0.6814903846153846 0.19230769230769232 0.22115384615384615
1 0.8173076923076923 0.7271634615384616 0.19230769230769232 0.22115384615384615
1 0.7620192307692307 0.4735576923076923 0.14903846153846154 0.21634615384615385
1 0.296875 0.1310096153846154 0.19951923076923078 0.24519230769230768
1 0.2247596153846154 0.9038461538461539 0.1466346153846154 0.1875
1 0.2668269230769231 0.6418269230769231 0.13701923076923078 0.23317307692307693
1 0.5612980769230769 0.07572115384615384 0.15865384615384615 0.14903846153846154
2 0.5456730769230769 0.36177884615384615 0.375 0.4855769230769231