1 0.21153846153846154 0.4326923076923077 0.15144230769230768 0.18269230769230768
1 0.1502403846153846 0.6370192307692307 0.13221153846153846 0.1875
1 0.055288461538461536 0.7379807692307693 0.11057692307692307 0.21634615384615385
1 0.17908653846153846 0.8317307692307693 0.16826923076923078 0.19230769230769232
1 0.859375 0.7427884615384616 0.14423076923076922 0.19230769230769232
1 0.8725961538461539 0.9098557692307693 0.1778846153846154 0.1778846153846154
1 0.7151442307692307 0.6959134615384616 0.19230769230769232 0.25
1 0.6706730769230769 0.4050480769230769 0.15144230769230768 0.22596153846153846
1 0.9086538461538461 0.09134615384615384 0.125 0.1778846153846154
1 0.6814903846153846 0.19110576923076922 0.15865384615384615 0.1875
1 0.5685096153846154 0.9302884615384616 0.13701923076923078 0.1346153846153846
1 0.7752403846153846 0.20432692307692307 0.15144230769230768 0.25
1 0.052884615384615384 0.5288461538461539 0.10096153846153846 0.19230769230769232
1 0.5733173076923077 0.5552884615384616 0.14903846153846154 0.18269230769230768
2 0.47475961538461536 0.32091346153846156 0.3798076923076923 0.47596153846153844