2 0.6959134615384616 0.4098557692307692 0.2692307692307692 0.37259615384615385
0 0.8149038461538461 0.2824519230769231 0.0625 0.06490384615384616
0 0.7367788461538461 0.9675480769230769 0.0625 0.06009615384615385
0 0.35336538461538464 0.5528846153846154 0.0625 0.06490384615384616
1 0.8846153846153846 0.5649038461538461 0.1778846153846154 0.19230769230769232
1 0.9110576923076923 0.49399038461538464 0.17548076923076922 0.19230769230769232
1 0.4675480769230769 0.6081730769230769 0.16105769230769232 0.19230769230769232
1 0.38822115384615385 0.7355769230769231 0.16105769230769232 0.19230769230769232
1 0.47836538461538464 0.8461538461538461 0.18269230769230768 0.21634615384615385
1 0.203125 0.7692307692307693 0.21634615384615385 0.21634615384615385
1 0.18028846153846154 0.5769230769230769 0.16826923076923078 0.25
1 0.0673076923076923 0.12740384615384615 0.12980769230769232 0.25
1 0.2608173076923077 0.11177884615384616 0.2091346153846154 0.21875
1 0.48197115384615385 0.09615384615384616 0.18509615384615385 0.1875
1 0.328125 0.37740384615384615 0.16346153846153846 0.20673076923076922
1 0.9098557692307693 0.8341346153846154 0.13221153846153846 0.28125