1 0.44350961538461536 0.8713942307692307 0.17067307692307693 0.23076923076923078
1 0.4891826923076923 0.4182692307692308 0.17307692307692307 0.22596153846153846
1 0.20673076923076922 0.4170673076923077 0.17307692307692307 0.22596153846153846
1 0.25 0.7079326923076923 0.22596153846153846 0.34134615384615385
1 0.8341346153846154 0.24639423076923078 0.20192307692307693 0.24519230769230768
1 0.7151442307692307 0.31971153846153844 0.1778846153846154 0.22355769230769232
1 0.33413461538461536 0.23317307692307693 0.17307692307692307 0.22596153846153846
1 0.8365384615384616 0.41346153846153844 0.1778846153846154 0.22355769230769232
1 0.10336538461538461 0.23798076923076922 0.17307692307692307 0.22596153846153846
2 0.5552884615384616 0.13341346153846154 0.2692307692307692 0.2620192307692308
0 0.3137019230769231 0.5276442307692307 0.0673076923076923 0.07692307692307693
0 0.2127403846153846 0.9639423076923077 0.0673076923076923 0.0673076923076923