1 0.1658653846153846 0.6875 0.19230769230769232 0.18269230769230768
1 0.12860576923076922 0.8713942307692307 0.1875 0.17307692307692307
1 0.7151442307692307 0.5841346153846154 0.19230769230769232 0.18269230769230768
1 0.8016826923076923 0.30408653846153844 0.22596153846153846 0.18269230769230768
1 0.5661057692307693 0.27524038461538464 0.22596153846153846 0.14423076923076922
1 0.39302884615384615 0.06850961538461539 0.2644230769230769 0.1346153846153846
1 0.4891826923076923 0.7043269230769231 0.21153846153846154 0.15384615384615385
1 0.3016826923076923 0.5504807692307693 0.21153846153846154 0.15384615384615385
1 0.2704326923076923 0.8389423076923077 0.1875 0.15625
1 0.8329326923076923 0.4855769230769231 0.25 0.1778846153846154
2 0.3004807692307692 0.3701923076923077 0.27884615384615385 0.20673076923076922
0 0.5612980769230769 0.7644230769230769 0.0673076923076923 0.052884615384615384
2 0.6850961538461539 0.0673076923076923 0.25961538461538464 0.12980769230769232