2 0.5300480769230769 0.32211538461538464 0.4423076923076923 0.30528846153846156
1 0.5 0.6382211538461539 0.16346153846153846 0.13942307692307693
1 0.5709134615384616 0.7199519230769231 0.16346153846153846 0.13942307692307693
1 0.6875 0.7872596153846154 0.16346153846153846 0.13942307692307693
1 0.6021634615384616 0.7908653846153846 0.20432692307692307 0.13942307692307693
1 0.5805288461538461 0.8449519230769231 0.15865384615384615 0.11057692307692307
1 0.4098557692307692 0.8269230769230769 0.20192307692307693 0.16826923076923078
1 0.265625 0.10216346153846154 0.23557692307692307 0.16105769230769232
1 0.875 0.41586538461538464 0.21634615384615385 0.14423076923076922
1 0.7920673076923077 0.6069711538461539 0.21634615384615385 0.14423076923076922
1 0.7355769230769231 0.5865384615384616 0.22115384615384615 0.18269230769230768
1 0.7391826923076923 0.47596153846153844 0.19230769230769232 0.1466346153846154
1 0.2860576923076923 0.7043269230769231 0.21634615384615385 0.1466346153846154
1 0.19110576923076922 0.38461538461538464 0.21634615384615385 0.1466346153846154
1 0.11538461538461539 0.23076923076923078 0.21875 0.1971153846153846
1 0.8774038461538461 0.24639423076923078 0.2403846153846154 0.16826923076923078
0 0.6370192307692307 0.1622596153846154 0.09134615384615384 0.057692307692307696
1 0.06490384615384616 0.48197115384615385 0.125 0.1466346153846154
1 0.7319711538461539 0.07451923076923077 0.21634615384615385 0.14423076923076922