2 0.5661057692307693 0.31009615384615385 0.2692307692307692 0.22355769230769232
2 0.12139423076923077 0.5661057692307693 0.2403846153846154 0.23557692307692307
1 0.10216346153846154 0.31971153846153844 0.19951923076923078 0.16346153846153846
1 0.15264423076923078 0.15504807692307693 0.20192307692307693 0.16346153846153846
1 0.23076923076923078 0.21153846153846154 0.20192307692307693 0.16346153846153846
1 0.5805288461538461 0.5997596153846154 0.20192307692307693 0.16346153846153846
1 0.41947115384615385 0.7103365384615384 0.21153846153846154 0.1875
1 0.0889423076923077 0.9002403846153846 0.17307692307692307 0.17548076923076922
1 0.24639423076923078 0.9338942307692307 0.1778846153846154 0.12980769230769232
1 0.3786057692307692 0.9002403846153846 0.18269230769230768 0.16826923076923078
1 0.5120192307692307 0.8846153846153846 0.18269230769230768 0.16826923076923078
1 0.7512019230769231 0.9158653846153846 0.25721153846153844 0.16346153846153846
1 0.9254807692307693 0.8173076923076923 0.14423076923076922 0.21875
0 0.15985576923076922 0.4206730769230769 0.09375 0.0889423076923077
0 0.4411057692307692 0.20192307692307693 0.08653846153846154 0.057692307692307696
0 0.7307692307692307 0.5661057692307693 0.08653846153846154 0.057692307692307696
0 0.7728365384615384 0.6682692307692307 0.08653846153846154 0.057692307692307696
1 0.45913461538461536 0.5516826923076923 0.20192307692307693 0.16346153846153846
1 0.3485576923076923 0.4735576923076923 0.20192307692307693 0.16346153846153846
1 0.8966346153846154 0.1310096153846154 0.20192307692307693 0.1778846153846154
1 0.765625 0.07211538461538461 0.1971153846153846 0.13942307692307693
1 0.7716346153846154 0.15985576923076922 0.1971153846153846 0.14182692307692307
1 0.3581730769230769 0.07451923076923077 0.25961538461538464 0.14423076923076922
1 0.5192307692307693 0.703125 0.15865384615384615 0.1346153846153846