1 0.2620192307692308 0.46153846153846156 0.23557692307692307 0.23557692307692307
1 0.3473557692307692 0.6911057692307693 0.20432692307692307 0.2620192307692308
1 0.4699519230769231 0.8894230769230769 0.17548076923076922 0.21634615384615385
1 0.6310096153846154 0.78125 0.16346153846153846 0.24519230769230768
1 0.6899038461538461 0.5997596153846154 0.16346153846153846 0.24519230769230768
1 0.8425480769230769 0.7007211538461539 0.15384615384615385 0.24519230769230768
1 0.7355769230769231 0.3762019230769231 0.21634615384615385 0.1971153846153846
1 0.6057692307692307 0.22115384615384615 0.14903846153846154 0.21153846153846154
1 0.2980769230769231 0.17548076923076922 0.17307692307692307 0.19230769230769232
1 0.2127403846153846 0.9266826923076923 0.17067307692307693 0.14182692307692307
2 0.7740384615384616 0.11899038461538461 0.375 0.23317307692307693