1 0.6911057692307693 0.26802884615384615 0.13942307692307693 0.1778846153846154
1 0.7223557692307693 0.08413461538461539 0.1466346153846154 0.16346153846153846
1 0.3269230769230769 0.5192307692307693 0.16826923076923078 0.22596153846153846
1 0.17067307692307693 0.33774038461538464 0.13942307692307693 0.18509615384615385
1 0.25721153846153844 0.921875 0.12980769230769232 0.15384615384615385
1 0.1622596153846154 0.7824519230769231 0.17307692307692307 0.20673076923076922
1 0.7860576923076923 0.6622596153846154 0.1466346153846154 0.18509615384615385
1 0.49399038461538464 0.6177884615384616 0.15625 0.19230769230769232
1 0.11778846153846154 0.9471153846153846 0.15625 0.10096153846153846
1 0.06370192307692307 0.6213942307692307 0.12259615384615384 0.2091346153846154
1 0.040865384615384616 0.27884615384615385 0.07692307692307693 0.1778846153846154
1 0.09014423076923077 0.09375 0.17548076923076922 0.18269230769230768
1 0.47716346153846156 0.8629807692307693 0.19951923076923078 0.19951923076923078
2 0.5276442307692307 0.15625 0.21394230769230768 0.3076923076923077
0 0.5264423076923077 0.3389423076923077 0.0673076923076923 0.09134615384615384