1 0.4675480769230769 0.7163461538461539 0.16826923076923078 0.21153846153846154
1 0.5973557692307693 0.6730769230769231 0.13701923076923078 0.17548076923076922
1 0.8629807692307693 0.23076923076923078 0.1346153846153846 0.25961538461538464
1 0.10096153846153846 0.3605769230769231 0.16826923076923078 0.21153846153846154
1 0.6634615384615384 0.4483173076923077 0.17067307692307693 0.21634615384615385
1 0.5396634615384616 0.4567307692307692 0.15144230769230768 0.20192307692307693
1 0.44591346153846156 0.46634615384615385 0.15384615384615385 0.19230769230769232
1 0.6754807692307693 0.8665865384615384 0.15384615384615385 0.19230769230769232
1 0.9447115384615384 0.5120192307692307 0.10817307692307693 0.21153846153846154
1 0.7127403846153846 0.6766826923076923 0.15384615384615385 0.19230769230769232
1 0.2439903846153846 0.3557692307692308 0.1466346153846154 0.21634615384615385
1 0.19230769230769232 0.6069711538461539 0.18269230769230768 0.22596153846153846
1 0.2536057692307692 0.8028846153846154 0.18269230769230768 0.22596153846153846
2 0.43149038461538464 0.18629807692307693 0.375 0.3701923076923077