1 0.6538461538461539 0.36778846153846156 0.2548076923076923 0.16105769230769232
1 0.6995192307692307 0.20432692307692307 0.24759615384615385 0.17307692307692307
1 0.4495192307692308 0.5456730769230769 0.28846153846153844 0.18269230769230768
1 0.23918269230769232 0.8665865384615384 0.21634615384615385 0.17067307692307693
1 0.7824519230769231 0.4963942307692308 0.21153846153846154 0.15144230769230768
1 0.9242788461538461 0.27403846153846156 0.14903846153846154 0.1466346153846154
1 0.5360576923076923 0.8245192307692307 0.21153846153846154 0.15144230769230768
1 0.8221153846153846 0.8858173076923077 0.2403846153846154 0.18509615384615385
1 0.5324519230769231 0.07091346153846154 0.22596153846153846 0.13942307692307693
1 0.23076923076923078 0.7151442307692307 0.1971153846153846 0.1346153846153846
1 0.6947115384615384 0.6802884615384616 0.21153846153846154 0.15144230769230768
2 0.17427884615384615 0.37740384615384615 0.34615384615384615 0.3076923076923077