1 0.6658653846153846 0.4951923076923077 0.15625 0.21634615384615385
1 0.5901442307692307 0.4723557692307692 0.16105769230769232 0.2668269230769231
1 0.8473557692307693 0.43990384615384615 0.18269230769230768 0.23317307692307693
1 0.90625 0.24519230769230768 0.15865384615384615 0.20192307692307693
1 0.39903846153846156 0.4567307692307692 0.17067307692307693 0.23076923076923078
1 0.10576923076923077 0.6814903846153846 0.14423076923076922 0.19951923076923078
1 0.0889423076923077 0.22235576923076922 0.14423076923076922 0.20432692307692307
1 0.8810096153846154 0.8665865384615384 0.13942307692307693 0.17548076923076922
1 0.43028846153846156 0.6634615384615384 0.13701923076923078 0.18509615384615385
1 0.18269230769230768 0.15144230769230768 0.1875 0.2403846153846154
1 0.47836538461538464 0.16826923076923078 0.19471153846153846 0.20673076923076922
2 0.6069711538461539 0.8233173076923077 0.3485576923076923 0.35096153846153844