1 0.7584134615384616 0.9050480769230769 0.1971153846153846 0.15384615384615385
1 0.5348557692307693 0.9447115384615384 0.27403846153846156 0.10817307692307693
1 0.3737980769230769 0.4254807692307692 0.23557692307692307 0.19471153846153846
1 0.6286057692307693 0.3076923076923077 0.22596153846153846 0.15865384615384615
1 0.7307692307692307 0.6526442307692307 0.24519230769230768 0.15625
1 0.49759615384615385 0.09495192307692307 0.23076923076923078 0.18509615384615385
1 0.09014423076923077 0.42788461538461536 0.1778846153846154 0.16346153846153846
1 0.2776442307692308 0.7788461538461539 0.20432692307692307 0.20673076923076922
1 0.44591346153846156 0.8221153846153846 0.2692307692307692 0.1971153846153846
1 0.7536057692307693 0.4699519230769231 0.21153846153846154 0.1971153846153846
1 0.08173076923076923 0.6370192307692307 0.15865384615384615 0.19230769230769232
0 0.9182692307692307 0.6490384615384616 0.09375 0.0625
0 0.171875 0.546875 0.08653846153846154 0.057692307692307696
2 0.17307692307692307 0.25240384615384615 0.3173076923076923 0.24519230769230768