1 0.4411057692307692 0.8822115384615384 0.21153846153846154 0.15384615384615385
1 0.4254807692307692 0.71875 0.21153846153846154 0.15384615384615385
1 0.6538461538461539 0.8233173076923077 0.21153846153846154 0.15384615384615385
1 0.6598557692307693 0.9350961538461539 0.20673076923076922 0.12740384615384615
1 0.5372596153846154 0.5120192307692307 0.20432692307692307 0.14903846153846154
1 0.6322115384615384 0.6418269230769231 0.18990384615384615 0.1971153846153846
1 0.7908653846153846 0.6923076923076923 0.15384615384615385 0.18509615384615385
1 0.9146634615384616 0.8557692307692307 0.16826923076923078 0.18269230769230768
1 0.7752403846153846 0.17668269230769232 0.22596153846153846 0.20192307692307693
1 0.921875 0.3629807692307692 0.15384615384615385 0.1971153846153846
1 0.7463942307692307 0.5336538461538461 0.21153846153846154 0.15865384615384615
1 0.5 0.2620192307692308 0.24519230769230768 0.16346153846153846
1 0.5456730769230769 0.171875 0.21153846153846154 0.16346153846153846
1 0.125 0.8161057692307693 0.21153846153846154 0.15384615384615385
1 0.28365384615384615 0.33653846153846156 0.21153846153846154 0.15384615384615385
2 0.20432692307692307 0.5540865384615384 0.40384615384615385 0.3581730769230769