1 0.13221153846153846 0.7896634615384616 0.18509615384615385 0.17067307692307693
1 0.3425480769230769 0.7199519230769231 0.19230769230769232 0.1658653846153846
1 0.9302884615384616 0.7848557692307693 0.1346153846153846 0.22355769230769232
1 0.7980769230769231 0.5012019230769231 0.25 0.16346153846153846
1 0.3858173076923077 0.5372596153846154 0.1971153846153846 0.17307692307692307
1 0.5516826923076923 0.9134615384615384 0.25 0.16346153846153846
1 0.6622596153846154 0.8413461538461539 0.20432692307692307 0.19230769230769232
1 0.4699519230769231 0.2764423076923077 0.16346153846153846 0.12980769230769232
1 0.5396634615384616 0.09254807692307693 0.17067307692307693 0.17067307692307693
1 0.8257211538461539 0.15865384615384615 0.23557692307692307 0.1875
2 0.23677884615384615 0.31850961538461536 0.21875 0.18269230769230768
1 0.35336538461538464 0.9338942307692307 0.1875 0.12740384615384615
1 0.9230769230769231 0.515625 0.14903846153846154 0.15144230769230768
1 0.8088942307692307 0.35096153846153844 0.18990384615384615 0.13942307692307693