2 0.4543269230769231 0.11298076923076923 0.2956730769230769 0.22115384615384615
1 0.3557692307692308 0.27524038461538464 0.25240384615384615 0.16826923076923078
1 0.6538461538461539 0.2956730769230769 0.22115384615384615 0.125
1 0.6454326923076923 0.3713942307692308 0.22115384615384615 0.125
1 0.7896634615384616 0.3581730769230769 0.1778846153846154 0.10817307692307693
1 0.32572115384615385 0.5264423076923077 0.22115384615384615 0.14423076923076922
1 0.08173076923076923 0.5877403846153846 0.16346153846153846 0.16346153846153846
1 0.08173076923076923 0.6430288461538461 0.16346153846153846 0.16346153846153846
1 0.39663461538461536 0.6622596153846154 0.21153846153846154 0.15144230769230768
1 0.4963942307692308 0.7896634615384616 0.21153846153846154 0.15144230769230768
1 0.5300480769230769 0.5576923076923077 0.21634615384615385 0.18269230769230768
1 0.09735576923076923 0.7920673076923077 0.19230769230769232 0.15384615384615385
1 0.22235576923076922 0.05889423076923077 0.21634615384615385 0.11538461538461539
1 0.7355769230769231 0.052884615384615384 0.2668269230769231 0.10336538461538461
1 0.9146634615384616 0.5661057692307693 0.16826923076923078 0.20432692307692307
1 0.39903846153846156 0.8569711538461539 0.21153846153846154 0.15144230769230768
1 0.3088942307692308 0.8341346153846154 0.21153846153846154 0.15144230769230768
1 0.19110576923076922 0.8149038461538461 0.21153846153846154 0.15144230769230768
1 0.15504807692307693 0.9459134615384616 0.2091346153846154 0.10336538461538461
1 0.8377403846153846 0.9086538461538461 0.2956730769230769 0.1778846153846154
1 0.7980769230769231 0.7836538461538461 0.25961538461538464 0.1778846153846154
0 0.7620192307692307 0.5745192307692307 0.09615384615384616 0.0673076923076923
0 0.7728365384615384 0.6658653846153846 0.09615384615384616 0.0673076923076923
0 0.9038461538461539 0.5036057692307693 0.09615384615384616 0.0673076923076923
1 0.6334134615384616 0.5324519230769231 0.22115384615384615 0.17307692307692307