1 0.14302884615384615 0.4807692307692308 0.20192307692307693 0.22596153846153846
1 0.09254807692307693 0.2764423076923077 0.17548076923076922 0.20192307692307693
1 0.7475961538461539 0.5817307692307693 0.20432692307692307 0.18269230769230768
1 0.7175480769230769 0.31490384615384615 0 0
1 0.5060096153846154 0.4723557692307692 0.1875 0.22115384615384615
1 0.09375 0.8737980769230769 0.18269230769230768 0.24759615384615385
1 0.8713942307692307 0.8930288461538461 0.15865384615384615 0.19230769230769232
1 0.7403846153846154 0.8257211538461539 0.10817307692307693 0.2548076923076923
1 0.40024038461538464 0.19951923076923078 0.14182692307692307 0.24759615384615385
0 0.9615384615384616 0.1971153846153846 0.07211538461538461 0.10096153846153846
0 0.8533653846153846 0.5192307692307693 0.07451923076923077 0.10096153846153846
2 0.5252403846153846 0.8401442307692307 0.3798076923076923 0.3173076923076923