2 0.3076923076923077 0.6923076923076923 0.28125 0.37740384615384615
1 0.4110576923076923 0.328125 0.17548076923076922 0.21634615384615385
1 0.3473557692307692 0.3786057692307692 0.17548076923076922 0.21634615384615385
1 0.7067307692307693 0.4639423076923077 0.1466346153846154 0.21634615384615385
1 0.8485576923076923 0.328125 0.17548076923076922 0.21634615384615385
1 0.9242788461538461 0.7752403846153846 0.1466346153846154 0.23798076923076922
1 0.48197115384615385 0.8834134615384616 0.15144230769230768 0.2283653846153846
1 0.06971153846153846 0.6526442307692307 0.1346153846153846 0.1971153846153846
1 0.078125 0.3954326923076923 0.15384615384615385 0.21634615384615385
1 0.171875 0.28966346153846156 0.15625 0.21634615384615385
1 0.5697115384615384 0.1622596153846154 0.19951923076923078 0.23798076923076922
1 0.6959134615384616 0.23798076923076922 0.15144230769230768 0.22596153846153846
1 0.9230769230769231 0.6165865384615384 0.14903846153846154 0.22596153846153846
1 0.6598557692307693 0.4567307692307692 0.09615384615384616 0.21153846153846154
1 0.7331730769230769 0.08413461538461539 0.15144230769230768 0.16346153846153846
1 0.8257211538461539 0.08413461538461539 0.15144230769230768 0.16346153846153846
0 0.28125 0.22596153846153846 0.057692307692307696 0.07211538461538461
1 0.8052884615384616 0.6574519230769231 0.1466346153846154 0.21634615384615385
1 0.24759615384615385 0.09014423076923077 0.16105769230769232 0.1778846153846154
1 0.21514423076923078 0.9026442307692307 0.21153846153846154 0.18269230769230768