1 0.6790865384615384 0.9086538461538461 0.16826923076923078 0.1778846153846154
1 0.8377403846153846 0.8473557692307693 0.17307692307692307 0.20673076923076922
1 0.5012019230769231 0.7115384615384616 0.19230769230769232 0.24759615384615385
1 0.31971153846153844 0.9278846153846154 0.15865384615384615 0.13942307692307693
1 0.10216346153846154 0.4254807692307692 0.1971153846153846 0.23076923076923078
1 0.5552884615384616 0.11177884615384616 0.1466346153846154 0.22115384615384615
1 0.25 0.7932692307692307 0.18269230769230768 0.21634615384615385
1 0.6346153846153846 0.5024038461538461 0.18269230769230768 0.21634615384615385
1 0.8125 0.42908653846153844 0.18269230769230768 0.21634615384615385
1 0.35096153846153844 0.07091346153846154 0.20673076923076922 0.1346153846153846
1 0.06610576923076923 0.15504807692307693 0.12980769230769232 0.20192307692307693
2 0.39302884615384615 0.3161057692307692 0.31971153846153844 0.3942307692307692