1 0.7463942307692307 0.8713942307692307 0.24519230769230768 0.16105769230769232
1 0.10216346153846154 0.7451923076923077 0.19951923076923078 0.16346153846153846
1 0.7620192307692307 0.3713942307692308 0.25 0.16346153846153846
1 0.890625 0.2620192307692308 0.21634615384615385 0.1875
1 0.8990384615384616 0.09014423076923077 0.1971153846153846 0.1778846153846154
1 0.8894230769230769 0.5793269230769231 0.19951923076923078 0.1778846153846154
1 0.3545673076923077 0.17668269230769232 0.20432692307692307 0.16346153846153846
1 0.09254807692307693 0.22596153846153846 0.18028846153846154 0.14903846153846154
0 0.21394230769230768 0.8581730769230769 0.08653846153846154 0.07932692307692307
0 0.3161057692307692 0.35216346153846156 0.07692307692307693 0.052884615384615384
2 0.5961538461538461 0.5528846153846154 0.44711538461538464 0.35096153846153844
1 0.10216346153846154 0.5336538461538461 0.19951923076923078 0.17307692307692307
1 0.08413461538461539 0.8882211538461539 0.14423076923076922 0.16105769230769232