2 0.3161057692307692 0.7163461538461539 0.3076923076923077 0.28365384615384615
0 0.7896634615384616 0.25 0.07451923076923077 0.057692307692307696
0 0.9158653846153846 0.28846153846153844 0.10096153846153846 0.08173076923076923
0 0.06490384615384616 0.7139423076923077 0.07451923076923077 0.055288461538461536
1 0.33413461538461536 0.10336538461538461 0.21875 0.1875
1 0.5757211538461539 0.5805288461538461 0.21875 0.1875
1 0.6430288461538461 0.5216346153846154 0.21875 0.1875
1 0.609375 0.4230769230769231 0.21875 0.1875
1 0.6201923076923077 0.35096153846153844 0.21875 0.1875
1 0.5721153846153846 0.28365384615384615 0.21875 0.1875
1 0.5552884615384616 0.2247596153846154 0.21875 0.1875
1 0.6057692307692307 0.11658653846153846 0.21875 0.1875
1 0.8894230769230769 0.7307692307692307 0.21634615384615385 0.1875
1 0.8894230769230769 0.5685096153846154 0.21634615384615385 0.1875
1 0.8341346153846154 0.45072115384615385 0.21875 0.1875
1 0.4855769230769231 0.9206730769230769 0.2692307692307692 0.15384615384615385
1 0.08653846153846154 0.3473557692307692 0.16826923076923078 0.18990384615384615