1 0.7692307692307693 0.48197115384615385 0.15384615384615385 0.18990384615384615
1 0.6538461538461539 0.5216346153846154 0.15384615384615385 0.18990384615384615
1 0.16466346153846154 0.2800480769230769 0.15625 0.20673076923076922
1 0.08774038461538461 0.609375 0.15625 0.20673076923076922
1 0.21153846153846154 0.10576923076923077 0.18269230769230768 0.20192307692307693
1 0.41586538461538464 0.6947115384615384 0.18269230769230768 0.20192307692307693
1 0.05889423076923077 0.1658653846153846 0.11298076923076923 0.2644230769230769
2 0.6862980769230769 0.21394230769230768 0.38221153846153844 0.42788461538461536
0 0.45913461538461536 0.5805288461538461 0.0625 0.06490384615384616
0 0.44350961538461536 0.5144230769230769 0.055288461538461536 0.08173076923076923
0 0.3942307692307692 0.5216346153846154 0.057692307692307696 0.07211538461538461
0 0.5480769230769231 0.35216346153846156 0.0625 0.07211538461538461