1 0.8245192307692307 0.875 0.24519230769230768 0.1658653846153846
1 0.6790865384615384 0.9375 0.19951923076923078 0.1201923076923077
1 0.4963942307692308 0.8762019230769231 0.23798076923076922 0.18028846153846154
1 0.5336538461538461 0.2800480769230769 0.21634615384615385 0.15625
1 0.8461538461538461 0.5673076923076923 0.22115384615384615 0.12980769230769232
1 0.8473557692307693 0.6322115384615384 0.21634615384615385 0.15625
1 0.17548076923076922 0.20673076923076922 0.25240384615384615 0.18269230769230768
1 0.08173076923076923 0.8125 0.15865384615384615 0.1778846153846154
1 0.8713942307692307 0.19471153846153846 0.21634615384615385 0.15625
1 0.8004807692307693 0.2920673076923077 0.16826923076923078 0.14423076923076922
1 0.625 0.6201923076923077 0.20673076923076922 0.15384615384615385
2 0.33774038461538464 0.43990384615384615 0.4254807692307692 0.3076923076923077
0 0.29927884615384615 0.8473557692307693 0.08653846153846154 0.05048076923076923