2 0.6802884615384616 0.625 0.23557692307692307 0.2956730769230769
1 0.7848557692307693 0.41466346153846156 0.17067307692307693 0.21394230769230768
1 0.45552884615384615 0.3786057692307692 0.14182692307692307 0.25240384615384615
1 0.5144230769230769 0.3641826923076923 0.11057692307692307 0.25
1 0.5637019230769231 0.31490384615384615 0.11057692307692307 0.25
1 0.6033653846153846 0.2776442307692308 0.11057692307692307 0.25
1 0.6490384615384616 0.2692307692307692 0.11057692307692307 0.25
1 0.2247596153846154 0.4375 0.17067307692307693 0.21394230769230768
1 0.30408653846153844 0.46274038461538464 0.17067307692307693 0.21394230769230768
1 0.18389423076923078 0.2620192307692308 0.17067307692307693 0.21394230769230768
1 0.051682692307692304 0.203125 0.0985576923076923 0.21875
1 0.057692307692307696 0.7139423076923077 0.11057692307692307 0.20192307692307693
1 0.08533653846153846 0.8221153846153846 0.1658653846153846 0.20673076923076922
1 0.3629807692307692 0.7307692307692307 0.18028846153846154 0.23076923076923078
1 0.44471153846153844 0.9038461538461539 0.18269230769230768 0.1875
1 0.36538461538461536 0.11658653846153846 0.18269230769230768 0.2283653846153846
1 0.6370192307692307 0.09615384615384616 0.17307692307692307 0.1875
1 0.8197115384615384 0.8401442307692307 0.14903846153846154 0.22596153846153846
1 0.6177884615384616 0.90625 0.14423076923076922 0.18269230769230768