1 0.27163461538461536 0.7980769230769231 0.2403846153846154 0.14903846153846154
1 0.2764423076923077 0.5300480769230769 0.2403846153846154 0.14903846153846154
1 0.1310096153846154 0.41586538461538464 0.21634615384615385 0.19951923076923078
1 0.1310096153846154 0.25721153846153844 0.1875 0.15625
1 0.30408653846153844 0.18870192307692307 0.1875 0.15625
1 0.32091346153846156 0.3317307692307692 0.1875 0.15625
1 0.5024038461538461 0.24639423076923078 0.21634615384615385 0.16105769230769232
1 0.8329326923076923 0.3293269230769231 0.21634615384615385 0.16105769230769232
1 0.5144230769230769 0.40024038461538464 0.21634615384615385 0.16105769230769232
1 0.8834134615384616 0.7235576923076923 0.19951923076923078 0.25
2 0.5757211538461539 0.6706730769230769 0.44711538461538464 0.2980769230769231