1 0.27403846153846156 0.49278846153846156 0.1875 0.18990384615384615
1 0.4651442307692308 0.6550480769230769 0.1875 0.18990384615384615
1 0.7247596153846154 0.8569711538461539 0.1875 0.18990384615384615
1 0.8641826923076923 0.6802884615384616 0.1875 0.18990384615384615
1 0.8329326923076923 0.2932692307692308 0.1875 0.18990384615384615
1 0.6754807692307693 0.16466346153846154 0.14903846153846154 0.1778846153846154
1 0.27403846153846156 0.19831730769230768 0.17548076923076922 0.19230769230769232
1 0.5564903846153846 0.7620192307692307 0.17548076923076922 0.22596153846153846
1 0.7427884615384616 0.4831730769230769 0.17548076923076922 0.22596153846153846
1 0.4651442307692308 0.22355769230769232 0.15384615384615385 0.21875
1 0.8485576923076923 0.08653846153846154 0.14903846153846154 0.16826923076923078
1 0.11658653846153846 0.9314903846153846 0.17067307692307693 0.13221153846153846
2 0.5805288461538461 0.49038461538461536 0.1875 0.25961538461538464