1 0.5120192307692307 0.7391826923076923 0.20673076923076922 0.18269230769230768
1 0.7247596153846154 0.6466346153846154 0.21634615384615385 0.15865384615384615
1 0.7379807692307693 0.7463942307692307 0.1875 0.14423076923076922
1 0.11298076923076923 0.6177884615384616 0.22115384615384615 0.18028846153846154
1 0.8377403846153846 0.21514423076923078 0.21634615384615385 0.15865384615384615
1 0.47596153846153844 0.20432692307692307 0.23076923076923078 0.16826923076923078
1 0.5745192307692307 0.23076923076923078 0.21153846153846154 0.1658653846153846
1 0.36778846153846156 0.5060096153846154 0.1971153846153846 0.17307692307692307
1 0.27283653846153844 0.06370192307692307 0.24759615384615385 0.12259615384615384
1 0.0733173076923077 0.08052884615384616 0.14182692307692307 0.15865384615384615
1 0.0733173076923077 0.21754807692307693 0.14182692307692307 0.15865384615384615
1 0.09735576923076923 0.4098557692307692 0.18990384615384615 0.15865384615384615
1 0.234375 0.2644230769230769 0.20192307692307693 0.15384615384615385
1 0.328125 0.5661057692307693 0.20192307692307693 0.15384615384615385
1 0.19471153846153846 0.8100961538461539 0.20192307692307693 0.15384615384615385
1 0.6262019230769231 0.8894230769230769 0.23076923076923078 0.16826923076923078
1 0.5600961538461539 0.5228365384615384 0.14903846153846154 0.15865384615384615
1 0.5949519230769231 0.06971153846153846 0.21875 0.1346153846153846
2 0.78125 0.3786057692307692 0.3245192307692308 0.24519230769230768