1 0.36778846153846156 0.6105769230769231 0.22115384615384615 0.21634615384615385
1 0.40024038461538464 0.09375 0.22596153846153846 0.18269230769230768
1 0.6598557692307693 0.1310096153846154 0.23798076923076922 0.18269230769230768
1 0.9026442307692307 0.09254807692307693 0.19230769230769232 0.17307692307692307
1 0.6862980769230769 0.3269230769230769 0.19230769230769232 0.17307692307692307
1 0.47836538461538464 0.28846153846153844 0.19230769230769232 0.16346153846153846
1 0.5805288461538461 0.4879807692307692 0.2692307692307692 0.13701923076923078
1 0.11057692307692307 0.5144230769230769 0.20673076923076922 0.16346153846153846
1 0.17548076923076922 0.21995192307692307 0.22596153846153846 0.19471153846153846
1 0.46033653846153844 0.9182692307692307 0.23798076923076922 0.15865384615384615
1 0.6826923076923077 0.9182692307692307 0.23557692307692307 0.15865384615384615
1 0.23557692307692307 0.7415865384615384 0.23317307692307693 0.16105769230769232
1 0.3317307692307692 0.4206730769230769 0.23317307692307693 0.16105769230769232
1 0.9362980769230769 0.8786057692307693 0.12259615384615384 0.19230769230769232
2 0.8677884615384616 0.39903846153846156 0.25961538461538464 0.3557692307692308