1 0.3137019230769231 0.5733173076923077 0.1346153846153846 0.20432692307692307
1 0.21995192307692307 0.5733173076923077 0.1346153846153846 0.20432692307692307
1 0.30408653846153844 0.16947115384615385 0.15144230769230768 0.20192307692307693
1 0.5817307692307693 0.10216346153846154 0.15384615384615385 0.19951923076923078
1 0.46634615384615385 0.41466346153846156 0.12980769230769232 0.23798076923076922
1 0.8786057692307693 0.3293269230769231 0.15384615384615385 0.23317307692307693
1 0.9495192307692307 0.7067307692307693 0.09615384615384616 0.23076923076923078
2 0.6706730769230769 0.4098557692307692 0.3485576923076923 0.4014423076923077
1 0.2956730769230769 0.7572115384615384 0.16346153846153846 0.1971153846153846
1 0.4543269230769231 0.7884615384615384 0.16346153846153846 0.1971153846153846
1 0.5564903846153846 0.8545673076923077 0.1778846153846154 0.19951923076923078