1 0.5709134615384616 0.3713942307692308 0.18269230769230768 0.23076923076923078
1 0.7283653846153846 0.7896634615384616 0.20192307692307693 0.23798076923076922
1 0.3449519230769231 0.7740384615384616 0.18269230769230768 0.2403846153846154
1 0.1778846153846154 0.6814903846153846 0.18028846153846154 0.25
1 0.16826923076923078 0.47475961538461536 0.19230769230769232 0.2548076923076923
1 0.2848557692307692 0.22355769230769232 0.1971153846153846 0.19471153846153846
1 0.4495192307692308 0.5625 0.1875 0.23798076923076922
1 0.3401442307692308 0.4254807692307692 0.20673076923076922 0.21153846153846154
1 0.7620192307692307 0.5432692307692307 0.16105769230769232 0.20673076923076922
1 0.5600961538461539 0.9230769230769231 0.19471153846153846 0.14903846153846154
1 0.8365384615384616 0.5552884615384616 0.13942307692307693 0.2644230769230769
2 0.5540865384615384 0.1310096153846154 0.3629807692307692 0.25721153846153844