2 0.75 0.2956730769230769 0.3581730769230769 0.2860576923076923
1 0.6394230769230769 0.5192307692307693 0.25 0.17307692307692307
1 0.7043269230769231 0.6923076923076923 0.25 0.17307692307692307
1 0.36899038461538464 0.5637019230769231 0.25 0.17307692307692307
1 0.3245192307692308 0.37259615384615385 0.23557692307692307 0.16346153846153846
1 0.12139423076923077 0.5612980769230769 0.2403846153846154 0.1971153846153846
1 0.5733173076923077 0.8978365384615384 0.2403846153846154 0.1971153846153846
1 0.06971153846153846 0.18509615384615385 0.1346153846153846 0.1778846153846154
1 0.9194711538461539 0.13942307692307693 0.15625 0.16346153846153846
1 0.5841346153846154 0.1141826923076923 0.1971153846153846 0.13701923076923078
1 0.921875 0.8497596153846154 0.15384615384615385 0.15625
1 0.3641826923076923 0.9459134615384616 0.17067307692307693 0.10336538461538461
1 0.15985576923076922 0.9074519230769231 0.2091346153846154 0.18028846153846154
1 0.4230769230769231 0.09735576923076923 0.23798076923076922 0.1466346153846154
0 0.34134615384615385 0.23677884615384615 0.10096153846153846 0.0625
1 0.8846153846153846 0.6334134615384616 0.22596153846153846 0.19471153846153846
1 0.40384615384615385 0.4014423076923077 0.17067307692307693 0.14903846153846154
1 0.4579326923076923 0.35096153846153844 0.17067307692307693 0.14903846153846154