2 0.2608173076923077 0.40384615384615385 0.2932692307692308 0.23557692307692307
1 0.5480769230769231 0.3329326923076923 0.25961538461538464 0.1658653846153846
1 0.8100961538461539 0.0829326923076923 0.25961538461538464 0.16346153846153846
1 0.6682692307692307 0.22235576923076922 0.23317307692307693 0.16826923076923078
1 0.5336538461538461 0.1466346153846154 0.23317307692307693 0.1658653846153846
1 0.3954326923076923 0.21153846153846154 0.23317307692307693 0.16826923076923078
1 0.34134615384615385 0.13221153846153846 0.23317307692307693 0.1658653846153846
1 0.1778846153846154 0.08052884615384616 0.20673076923076922 0.15865384615384615
1 0.08413461538461539 0.5384615384615384 0.16346153846153846 0.16346153846153846
1 0.23076923076923078 0.6778846153846154 0.20673076923076922 0.1658653846153846
1 0.23798076923076922 0.7740384615384616 0.22115384615384615 0.12259615384615384
1 0.28846153846153844 0.8377403846153846 0.2692307692307692 0.18269230769230768
1 0.3786057692307692 0.9411057692307693 0.23317307692307693 0.11298076923076923
1 0.09615384615384616 0.9350961538461539 0.1875 0.125
1 0.7067307692307693 0.8677884615384616 0.18269230769230768 0.16105769230769232
1 0.6983173076923077 0.7091346153846154 0.25961538461538464 0.25
1 0.9074519230769231 0.5564903846153846 0.18269230769230768 0.16105769230769232
1 0.6045673076923077 0.46033653846153844 0.18269230769230768 0.16105769230769232
1 0.4170673076923077 0.5745192307692307 0.18269230769230768 0.16105769230769232
0 0.2512019230769231 0.25600961538461536 0.09375 0.057692307692307696
0 0.21995192307692307 0.1971153846153846 0.09375 0.057692307692307696
0 0.09254807692307693 0.2956730769230769 0.09375 0.057692307692307696
1 0.9182692307692307 0.22235576923076922 0.15865384615384615 0.18269230769230768