1 0.3942307692307692 0.7692307692307693 0.18269230769230768 0.16826923076923078
1 0.09375 0.8617788461538461 0.18269230769230768 0.17067307692307693
1 0.8557692307692307 0.5228365384615384 0.18509615384615385 0.16826923076923078
1 0.1971153846153846 0.18509615384615385 0.25240384615384615 0.17307692307692307
1 0.7475961538461539 0.3245192307692308 0.2548076923076923 0.17307692307692307
1 0.08533653846153846 0.2956730769230769 0.1658653846153846 0.16826923076923078
1 0.6298076923076923 0.8221153846153846 0.15865384615384615 0.14903846153846154
1 0.8341346153846154 0.7620192307692307 0.23557692307692307 0.1778846153846154
1 0.6802884615384616 0.19471153846153846 0.24519230769230768 0.13942307692307693
1 0.6358173076923077 0.7307692307692307 0.17548076923076922 0.1466346153846154
1 0.3125 0.9350961538461539 0.25961538461538464 0.12740384615384615
2 0.3004807692307692 0.5649038461538461 0.46153846153846156 0.3701923076923077