1 0.5841346153846154 0.7932692307692307 0.17307692307692307 0.14903846153846154
1 0.3125 0.3798076923076923 0.17307692307692307 0.2403846153846154
1 0.5252403846153846 0.35336538461538464 0.17307692307692307 0.2403846153846154
1 0.14783653846153846 0.4519230769230769 0.18269230769230768 0.24278846153846154
1 0.5913461538461539 0.10817307692307693 0.18028846153846154 0.21153846153846154
1 0.8293269230769231 0.6971153846153846 0.12980769230769232 0.20192307692307693
1 0.18629807692307693 0.9194711538461539 0.14182692307692307 0.15865384615384615
1 0.4266826923076923 0.9194711538461539 0.18269230769230768 0.15865384615384615
1 0.8786057692307693 0.23798076923076922 0.16105769230769232 0.23076923076923078
1 0.9362980769230769 0.17307692307692307 0.125 0.2620192307692308
2 0.40865384615384615 0.6358173076923077 0.22596153846153846 0.28846153846153844
0 0.5024038461538461 0.4891826923076923 0.04567307692307692 0.07451923076923077