1 0.65625 0.31850961538461536 0.20673076923076922 0.19230769230769232
1 0.3161057692307692 0.4699519230769231 0.2668269230769231 0.1875
1 0.4831730769230769 0.2127403846153846 0.24519230769230768 0.1778846153846154
1 0.18389423076923078 0.7055288461538461 0.21153846153846154 0.21153846153846154
1 0.640625 0.9411057692307693 0.2980769230769231 0.11538461538461539
1 0.8665865384615384 0.3942307692307692 0.2403846153846154 0.20192307692307693
1 0.875 0.22716346153846154 0.24519230769230768 0.13221153846153846
1 0.3317307692307692 0.07692307692307693 0.25961538461538464 0.15384615384615385
1 0.6286057692307693 0.07211538461538461 0.2283653846153846 0.13942307692307693
1 0.9098557692307693 0.06850961538461539 0.17548076923076922 0.1346153846153846
1 0.109375 0.42908653846153844 0.21394230769230768 0.18990384615384615
0 0.6430288461538461 0.18629807692307693 0.06490384615384616 0.04807692307692308
0 0.4987980769230769 0.35697115384615385 0.09615384615384616 0.08173076923076923
2 0.625 0.5721153846153846 0.36538461538461536 0.3076923076923077