1 0.6887019230769231 0.11899038461538461 0.24759615384615385 0.15865384615384615
1 0.8966346153846154 0.0889423076923077 0.20192307692307693 0.15865384615384615
1 0.9182692307692307 0.2668269230769231 0.15865384615384615 0.19230769230769232
1 0.8713942307692307 0.5180288461538461 0.23317307692307693 0.18028846153846154
1 0.5192307692307693 0.6586538461538461 0.2403846153846154 0.18028846153846154
1 0.3401442307692308 0.21033653846153846 0.21153846153846154 0.15144230769230768
1 0.23076923076923078 0.07572115384615384 0.23076923076923078 0.14903846153846154
1 0.19591346153846154 0.35096153846153844 0.23076923076923078 0.14903846153846154
1 0.25841346153846156 0.5180288461538461 0.20673076923076922 0.15144230769230768
1 0.2776442307692308 0.6995192307692307 0.21153846153846154 0.17548076923076922
1 0.12379807692307693 0.8701923076923077 0.21153846153846154 0.17548076923076922
1 0.765625 0.6826923076923077 0.21153846153846154 0.15384615384615385
1 0.07211538461538461 0.43509615384615385 0.13942307692307693 0.14182692307692307
1 0.0733173076923077 0.2283653846153846 0.13701923076923078 0.17548076923076922
2 0.625 0.3629807692307692 0.47596153846153844 0.3701923076923077
0 0.5120192307692307 0.7908653846153846 0.13942307692307693 0.10576923076923077
0 0.8677884615384616 0.7704326923076923 0.08653846153846154 0.07211538461538461