2 0.7512019230769231 0.5877403846153846 0.36778846153846156 0.41346153846153844
1 0.28365384615384615 0.5745192307692307 0.1875 0.22596153846153846
1 0.11658653846153846 0.3269230769230769 0.18990384615384615 0.22596153846153846
1 0.3449519230769231 0.7584134615384616 0.1658653846153846 0.20432692307692307
1 0.20432692307692307 0.7524038461538461 0.1658653846153846 0.20432692307692307
1 0.0985576923076923 0.6225961538461539 0.1658653846153846 0.20432692307692307
1 0.08413461538461539 0.8004807692307693 0.16346153846153846 0.20673076923076922
1 0.36538461538461536 0.19110576923076922 0.1658653846153846 0.20432692307692307
1 0.4230769230769231 0.19110576923076922 0.1658653846153846 0.20432692307692307
1 0.5036057692307693 0.15384615384615385 0.1658653846153846 0.20432692307692307
1 0.5721153846153846 0.13942307692307693 0.1658653846153846 0.20432692307692307
1 0.7427884615384616 0.09014423076923077 0.17548076923076922 0.17548076923076922
1 0.9242788461538461 0.484375 0.14903846153846154 0.27884615384615385
1 0.5108173076923077 0.9170673076923077 0.16105769230769232 0.16105769230769232
1 0.6430288461538461 0.9170673076923077 0.16105769230769232 0.16105769230769232
1 0.9194711538461539 0.08173076923076923 0.15865384615384615 0.15865384615384615
1 0.6021634615384616 0.3641826923076923 0.18269230769230768 0.16826923076923078
1 0.17668269230769232 0.90625 0.25240384615384615 0.18269230769230768
1 0.7019230769230769 0.2439903846153846 0.1346153846153846 0.23076923076923078
1 0.21754807692307693 0.09014423076923077 0.1971153846153846 0.17548076923076922