2 0.2283653846153846 0.3473557692307692 0.22115384615384615 0.2548076923076923
2 0.8882211538461539 0.8161057692307693 0.22115384615384615 0.36538461538461536
0 0.30288461538461536 0.19951923076923078 0.052884615384615384 0.08173076923076923
0 0.12139423076923077 0.9579326923076923 0.055288461538461536 0.07932692307692307
1 0.12620192307692307 0.7896634615384616 0.1971153846153846 0.20432692307692307
1 0.2668269230769231 0.8209134615384616 0.19951923076923078 0.20432692307692307
1 0.23317307692307693 0.5661057692307693 0.1971153846153846 0.20432692307692307
1 0.14783653846153846 0.5348557692307693 0.1971153846153846 0.20432692307692307
1 0.6730769230769231 0.6983173076923077 0.1971153846153846 0.20432692307692307
1 0.6394230769230769 0.46634615384615385 0.1971153846153846 0.20432692307692307
1 0.5612980769230769 0.19831730769230768 0.19951923076923078 0.20432692307692307
1 0.7247596153846154 0.28365384615384615 0.1466346153846154 0.21634615384615385
1 0.07932692307692307 0.109375 0.1466346153846154 0.21634615384615385
1 0.06129807692307692 0.3088942307692308 0.1201923076923077 0.21634615384615385
1 0.9387019230769231 0.2247596153846154 0.11778846153846154 0.24759615384615385
1 0.8822115384615384 0.3870192307692308 0.18269230769230768 0.24759615384615385