1 0.23798076923076922 0.3629807692307692 0.16346153846153846 0.1971153846153846
1 0.4963942307692308 0.43509615384615385 0.22596153846153846 0.19471153846153846
1 0.6502403846153846 0.2127403846153846 0.16826923076923078 0.1346153846153846
1 0.36778846153846156 0.234375 0.24519230769230768 0.13942307692307693
1 0.5612980769230769 0.08774038461538461 0.20192307692307693 0.16105769230769232
1 0.3798076923076923 0.09495192307692307 0.18990384615384615 0.18028846153846154
1 0.4362980769230769 0.5564903846153846 0.18990384615384615 0.18028846153846154
1 0.41947115384615385 0.6814903846153846 0.20673076923076922 0.19230769230769232
1 0.06971153846153846 0.3449519230769231 0.1346153846153846 0.18990384615384615
0 0.1310096153846154 0.7319711538461539 0.07211538461538461 0.055288461538461536
0 0.04807692307692308 0.6346153846153846 0.07211538461538461 0.07932692307692307
0 0.17067307692307693 0.875 0.11538461538461539 0.08173076923076923
0 0.06009615384615385 0.7644230769230769 0.09615384615384616 0.08173076923076923
0 0.8389423076923077 0.6790865384615384 0.07692307692307693 0.07932692307692307
0 0.8125 0.1346153846153846 0.057692307692307696 0.04807692307692308
2 0.15625 0.11298076923076923 0.3076923076923077 0.20673076923076922