1 0.6310096153846154 0.29927884615384615 0.23317307692307693 0.18028846153846154
1 0.24639423076923078 0.6466346153846154 0.23317307692307693 0.18028846153846154
1 0.7151442307692307 0.7211538461538461 0.23317307692307693 0.18028846153846154
1 0.49278846153846156 0.5637019230769231 0.24519230769230768 0.11538461538461539
1 0.39302884615384615 0.31971153846153844 0.2403846153846154 0.19230769230769232
1 0.8713942307692307 0.5144230769230769 0.22596153846153846 0.16826923076923078
1 0.8377403846153846 0.3245192307692308 0.20432692307692307 0.19951923076923078
1 0.5564903846153846 0.8677884615384616 0.23317307692307693 0.18028846153846154
1 0.890625 0.8341346153846154 0.21394230769230768 0.15865384615384615
1 0.07692307692307693 0.5985576923076923 0.14903846153846154 0.18269230769230768
1 0.4891826923076923 0.49158653846153844 0.23076923076923078 0.18028846153846154
1 0.828125 0.19831730769230768 0.20192307692307693 0.19230769230769232
2 0.16706730769230768 0.3762019230769231 0.3293269230769231 0.3389423076923077