1 0.5072115384615384 0.7259615384615384 0.18990384615384615 0.1875
1 0.3449519230769231 0.5348557692307693 0.18990384615384615 0.1875
1 0.14302884615384615 0.27524038461538464 0.18990384615384615 0.1875
1 0.31971153846153844 0.13581730769230768 0.18990384615384615 0.1875
1 0.7067307692307693 0.16706730769230768 0.18990384615384615 0.1875
1 0.8353365384615384 0.3245192307692308 0.1778846153846154 0.14903846153846154
1 0.8016826923076923 0.7259615384615384 0.19230769230769232 0.17548076923076922
1 0.23798076923076922 0.44350961538461536 0.22596153846153846 0.17548076923076922
1 0.5168269230769231 0.25721153846153844 0.22596153846153846 0.17548076923076922
1 0.7764423076923077 0.5348557692307693 0.21875 0.15384615384615385
1 0.9134615384615384 0.15144230769230768 0.16826923076923078 0.14903846153846154
1 0.06850961538461539 0.8834134615384616 0.13221153846153846 0.17067307692307693
2 0.5096153846153846 0.41947115384615385 0.25961538461538464 0.1875