1 0.5456730769230769 0.11778846153846154 0.20673076923076922 0.14423076923076922
1 0.703125 0.23677884615384615 0.23076923076923078 0.19471153846153846
1 0.2620192307692308 0.1310096153846154 0.23557692307692307 0.17067307692307693
1 0.37259615384615385 0.5144230769230769 0.23317307692307693 0.1875
1 0.6682692307692307 0.8221153846153846 0.23076923076923078 0.17548076923076922
1 0.3473557692307692 0.3112980769230769 0.23076923076923078 0.1971153846153846
1 0.6430288461538461 0.5721153846153846 0.18990384615384615 0.14423076923076922
1 0.7403846153846154 0.6634615384615384 0.18990384615384615 0.14423076923076922
1 0.9122596153846154 0.9254807692307693 0.17067307692307693 0.14182692307692307
1 0.43509615384615385 0.8930288461538461 0.17548076923076922 0.16346153846153846
1 0.34375 0.9050480769230769 0.21634615384615385 0.16826923076923078
1 0.5697115384615384 0.3713942307692308 0.3317307692307692 0.16826923076923078
1 0.9182692307692307 0.21754807692307693 0.15865384615384615 0.19471153846153846
1 0.7692307692307693 0.5805288461538461 0.16346153846153846 0.12980769230769232
0 0.13701923076923078 0.32091346153846156 0.07692307692307693 0.0673076923076923
0 0.5228365384615384 0.44471153846153844 0.07932692307692307 0.0673076923076923
0 0.5973557692307693 0.6935096153846154 0.10096153846153846 0.052884615384615384
0 0.9314903846153846 0.84375 0.07451923076923077 0.06971153846153846
2 0.19591346153846154 0.6983173076923077 0.3870192307692308 0.3581730769230769