1 0.15384615384615385 0.4675480769230769 0.21153846153846154 0.22115384615384615
1 0.37740384615384615 0.3942307692307692 0.13221153846153846 0.1778846153846154
1 0.30649038461538464 0.19591346153846154 0.15865384615384615 0.1778846153846154
1 0.5576923076923077 0.59375 0.15865384615384615 0.1875
1 0.2704326923076923 0.9050480769230769 0.15865384615384615 0.18509615384615385
1 0.6009615384615384 0.8125 0.15865384615384615 0.1875
1 0.5793269230769231 0.24759615384615385 0.15865384615384615 0.1875
1 0.12620192307692307 0.26322115384615385 0.16346153846153846 0.18990384615384615
1 0.13701923076923078 0.078125 0.16346153846153846 0.15144230769230768
1 0.9326923076923077 0.4411057692307692 0.12980769230769232 0.16826923076923078
2 0.84375 0.6129807692307693 0.22596153846153846 0.23798076923076922