1 0.20552884615384615 0.328125 0.16826923076923078 0.21634615384615385
1 0.1502403846153846 0.6262019230769231 0.16826923076923078 0.21634615384615385
1 0.07692307692307693 0.453125 0.14903846153846154 0.21875
1 0.057692307692307696 0.7836538461538461 0.11057692307692307 0.22115384615384615
1 0.42427884615384615 0.8713942307692307 0.18269230769230768 0.22115384615384615
1 0.4411057692307692 0.21153846153846154 0.1875 0.23076923076923078
1 0.6057692307692307 0.171875 0.15384615384615385 0.24519230769230768
1 0.3088942307692308 0.11298076923076923 0.15144230769230768 0.22115384615384615
1 0.9387019230769231 0.42908653846153844 0.1201923076923077 0.22115384615384615
1 0.9459134615384616 0.8930288461538461 0.10336538461538461 0.2091346153846154
1 0.9278846153846154 0.07932692307692307 0.13942307692307693 0.15384615384615385
1 0.7620192307692307 0.09735576923076923 0.18028846153846154 0.19230769230769232
1 0.8521634615384616 0.7572115384615384 0.18028846153846154 0.19230769230769232
2 0.5420673076923077 0.5504807692307693 0.3269230769230769 0.4326923076923077
0 0.5288461538461539 0.8858173076923077 0.04567307692307692 0.07932692307692307