1 0.8317307692307693 0.32572115384615385 0.16826923076923078 0.2548076923076923
1 0.48197115384615385 0.7692307692307693 0.16826923076923078 0.2548076923076923
1 0.6622596153846154 0.5661057692307693 0.2091346153846154 0.20673076923076922
1 0.21153846153846154 0.4483173076923077 0.15144230769230768 0.20673076923076922
1 0.1310096153846154 0.5853365384615384 0.15144230769230768 0.20673076923076922
1 0.23557692307692307 0.8293269230769231 0.15865384615384615 0.2692307692307692
1 0.9110576923076923 0.7223557692307693 0.17548076923076922 0.25961538461538464
1 0.8185096153846154 0.9014423076923077 0.16346153846153846 0.19230769230769232
1 0.07692307692307693 0.7608173076923077 0.14903846153846154 0.2091346153846154
1 0.07692307692307693 0.35216346153846156 0.14903846153846154 0.22355769230769232
2 0.5060096153846154 0.25600961538461536 0.3557692307692308 0.5048076923076923
0 0.7091346153846154 0.22235576923076922 0.0625 0.07451923076923077
0 0.8617788461538461 0.5817307692307693 0.08173076923076923 0.09615384615384616