1 0.37740384615384615 0.6237980769230769 0.17307692307692307 0.21153846153846154
1 0.39903846153846156 0.3485576923076923 0.17307692307692307 0.21153846153846154
1 0.3425480769230769 0.15745192307692307 0.17307692307692307 0.21153846153846154
1 0.6899038461538461 0.7379807692307693 0.17307692307692307 0.21153846153846154
1 0.8245192307692307 0.8786057692307693 0.125 0.16826923076923078
1 0.6995192307692307 0.3762019230769231 0.15865384615384615 0.20673076923076922
1 0.8161057692307693 0.3317307692307692 0.15865384615384615 0.20673076923076922
1 0.7151442307692307 0.17908653846153846 0.16346153846153846 0.19230769230769232
1 0.18509615384615385 0.7355769230769231 0.16346153846153846 0.19230769230769232
1 0.21153846153846154 0.36538461538461536 0.19230769230769232 0.21153846153846154
1 0.0829326923076923 0.5348557692307693 0.16105769230769232 0.25721153846153844
1 0.3737980769230769 0.8894230769230769 0.16346153846153846 0.19230769230769232
1 0.3112980769230769 0.8665865384615384 0.16346153846153846 0.19230769230769232
1 0.09134615384615384 0.22235576923076922 0.16346153846153846 0.19230769230769232
2 0.8846153846153846 0.609375 0.2283653846153846 0.44471153846153844
0 0.6983173076923077 0.5276442307692307 0.057692307692307696 0.09615384615384616