1 0.33052884615384615 0.3605769230769231 0.2403846153846154 0.15625
1 0.8629807692307693 0.29447115384615385 0.20432692307692307 0.18028846153846154
1 0.4795673076923077 0.24278846153846154 0.2403846153846154 0.1875
1 0.6899038461538461 0.19230769230769232 0.17067307692307693 0.18269230769230768
1 0.9050480769230769 0.8341346153846154 0.18509615384615385 0.15384615384615385
1 0.5865384615384616 0.9230769230769231 0.20192307692307693 0.15144230769230768
1 0.36538461538461536 0.9230769230769231 0.20192307692307693 0.15144230769230768
1 0.15985576923076922 0.4795673076923077 0.23317307692307693 0.19230769230769232
1 0.34375 0.6274038461538461 0.23076923076923078 0.16826923076923078
1 0.2980769230769231 0.7824519230769231 0.23076923076923078 0.16826923076923078
1 0.18389423076923078 0.7415865384615384 0.23076923076923078 0.16826923076923078
1 0.46634615384615385 0.06129807692307692 0.21153846153846154 0.11778846153846154
1 0.5420673076923077 0.7716346153846154 0.19951923076923078 0.14903846153846154
2 0.5925480769230769 0.546875 0.46153846153846156 0.34615384615384615