2 0.6322115384615384 0.2776442307692308 0.3389423076923077 0.3870192307692308
1 0.4206730769230769 0.3004807692307692 0.16826923076923078 0.21153846153846154
1 0.33653846153846156 0.3954326923076923 0.14423076923076922 0.18269230769230768
1 0.12620192307692307 0.5336538461538461 0.17307692307692307 0.18990384615384615
1 0.24278846153846154 0.6430288461538461 0.21153846153846154 0.25240384615384615
1 0.11778846153846154 0.15504807692307693 0.15865384615384615 0.2548076923076923
1 0.26802884615384615 0.09254807692307693 0.16105769230769232 0.18269230769230768
1 0.9375 0.38100961538461536 0.1201923076923077 0.23798076923076922
1 0.8401442307692307 0.5408653846153846 0.17307692307692307 0.2403846153846154
1 0.4230769230769231 0.6887019230769231 0.17307692307692307 0.19230769230769232
1 0.33653846153846156 0.8341346153846154 0.1875 0.21153846153846154
1 0.9314903846153846 0.8137019230769231 0.13221153846153846 0.18269230769230768
1 0.8173076923076923 0.9110576923076923 0.21153846153846154 0.17307692307692307
1 0.13341346153846154 0.8978365384615384 0.12740384615384615 0.19230769230769232
1 0.8377403846153846 0.28846153846153844 0.14903846153846154 0.30288461538461536
1 0.5733173076923077 0.6466346153846154 0.1875 0.2403846153846154
0 0.4495192307692308 0.5901442307692307 0.055288461538461536 0.06490384615384616