1 0.7163461538461539 0.2644230769230769 0.1875 0.2620192307692308
1 0.3245192307692308 0.36899038461538464 0.2091346153846154 0.2620192307692308
1 0.09495192307692307 0.5132211538461539 0.1875 0.18509615384615385
1 0.06850961538461539 0.11177884615384616 0.13221153846153846 0.22115384615384615
1 0.29086538461538464 0.8557692307692307 0.19230769230769232 0.22596153846153846
1 0.25961538461538464 0.6322115384615384 0.19230769230769232 0.22596153846153846
1 0.5192307692307693 0.09014423076923077 0.17548076923076922 0.1778846153846154
1 0.9086538461538461 0.8882211538461539 0.13221153846153846 0.17307692307692307
1 0.6550480769230769 0.8401442307692307 0.20432692307692307 0.23798076923076922
1 0.4879807692307692 0.890625 0.1778846153846154 0.21634615384615385
1 0.5877403846153846 0.3245192307692308 0.17307692307692307 0.22115384615384615
2 0.5060096153846154 0.5949519230769231 0.3557692307692308 0.42788461538461536