1 0.7355769230769231 0.7163461538461539 0.2620192307692308 0.18990384615384615
1 0.6310096153846154 0.3245192307692308 0.2620192307692308 0.2091346153846154
1 0.48677884615384615 0.09495192307692307 0.18509615384615385 0.1875
1 0.8882211538461539 0.06850961538461539 0.22115384615384615 0.13221153846153846
1 0.14423076923076922 0.29086538461538464 0.22596153846153846 0.19230769230769232
1 0.36778846153846156 0.25961538461538464 0.22596153846153846 0.19230769230769232
1 0.9098557692307693 0.5192307692307693 0.1778846153846154 0.17548076923076922
1 0.11177884615384616 0.9086538461538461 0.17307692307692307 0.13221153846153846
1 0.15985576923076922 0.6550480769230769 0.23798076923076922 0.20432692307692307
1 0.109375 0.4879807692307692 0.21634615384615385 0.1778846153846154
1 0.6754807692307693 0.5877403846153846 0.22115384615384615 0.17307692307692307
2 0.4050480769230769 0.5060096153846154 0.42788461538461536 0.3557692307692308