1 0.8509615384615384 0.45913461538461536 0.20192307692307693 0.19471153846153846
1 0.9326923076923077 0.10096153846153846 0.12980769230769232 0.18990384615384615
1 0.8052884615384616 0.2247596153846154 0.16346153846153846 0.21634615384615385
1 0.13581730769230768 0.7764423076923077 0.1778846153846154 0.2548076923076923
1 0.36778846153846156 0.7463942307692307 0.18990384615384615 0.31009615384615385
1 0.0673076923076923 0.6009615384615384 0.12980769230769232 0.23557692307692307
1 0.08413461538461539 0.12980769230769232 0.16346153846153846 0.2548076923076923
1 0.38221153846153844 0.39663461538461536 0.1778846153846154 0.2548076923076923
1 0.3737980769230769 0.12860576923076922 0.1778846153846154 0.2548076923076923
1 0.5757211538461539 0.6129807692307693 0.21634615384615385 0.3076923076923077
2 0.5973557692307693 0.18389423076923078 0.34615384615384615 0.36538461538461536