2 0.625 0.4651442307692308 0.33653846153846156 0.2548076923076923
1 0.13942307692307693 0.5300480769230769 0.22596153846153846 0.2283653846153846
1 0.36778846153846156 0.4074519230769231 0.24759615384615385 0.18269230769230768
1 0.296875 0.1622596153846154 0.24759615384615385 0.18269230769230768
1 0.43028846153846156 0.22956730769230768 0.24759615384615385 0.18269230769230768
1 0.5817307692307693 0.2620192307692308 0.24759615384615385 0.18269230769230768
1 0.6274038461538461 0.17307692307692307 0.21153846153846154 0.15384615384615385
1 0.7391826923076923 0.17548076923076922 0.21153846153846154 0.15384615384615385
1 0.8413461538461539 0.21153846153846154 0.21153846153846154 0.15384615384615385
1 0.7524038461538461 0.09254807692307693 0.21153846153846154 0.15384615384615385
1 0.14543269230769232 0.9362980769230769 0.2403846153846154 0.125
1 0.1141826923076923 0.7860576923076923 0.22596153846153846 0.19230769230769232
1 0.1201923076923077 0.22716346153846154 0.23557692307692307 0.21153846153846154
0 0.06490384615384616 0.3473557692307692 0.1201923076923077 0.0673076923076923
0 0.9086538461538461 0.6394230769230769 0.07211538461538461 0.0673076923076923
1 0.3449519230769231 0.6177884615384616 0.22596153846153846 0.15384615384615385
1 0.42788461538461536 0.8846153846153846 0.22596153846153846 0.15384615384615385
1 0.9266826923076923 0.8629807692307693 0.14423076923076922 0.13942307692307693
1 0.9266826923076923 0.7367788461538461 0.14423076923076922 0.13942307692307693
1 0.8677884615384616 0.9230769230769231 0.18269230769230768 0.15144230769230768