1 0.6622596153846154 0.6598557692307693 0.23557692307692307 0.18028846153846154
1 0.609375 0.3449519230769231 0.1466346153846154 0.1778846153846154
1 0.36538461538461536 0.3016826923076923 0.15625 0.1778846153846154
1 0.4723557692307692 0.4098557692307692 0.15384615384615385 0.1778846153846154
1 0.7127403846153846 0.296875 0.15144230769230768 0.23076923076923078
1 0.29927884615384615 0.5012019230769231 0.15144230769230768 0.21153846153846154
1 0.5540865384615384 0.8209134615384616 0.15384615384615385 0.1778846153846154
1 0.6598557692307693 0.8665865384615384 0.15384615384615385 0.1778846153846154
1 0.7944711538461539 0.78125 0.15865384615384615 0.23076923076923078
1 0.07451923076923077 0.49759615384615385 0.1466346153846154 0.18269230769230768
1 0.055288461538461536 0.890625 0.10817307692307693 0.21153846153846154
1 0.09254807692307693 0.11658653846153846 0.16105769230769232 0.15865384615384615
1 0.9338942307692307 0.5649038461538461 0.12740384615384615 0.1778846153846154
1 0.9338942307692307 0.24759615384615385 0.12740384615384615 0.1778846153846154
1 0.8245192307692307 0.06971153846153846 0.15384615384615385 0.1346153846153846
1 0.23557692307692307 0.6418269230769231 0.15625 0.21634615384615385
2 0.3245192307692308 0.890625 0.2283653846153846 0.21634615384615385
0 0.09254807692307693 0.5877403846153846 0.04567307692307692 0.052884615384615384