2 0.4266826923076923 0.6814903846153846 0.3557692307692308 0.2692307692307692
0 0.578125 0.828125 0.07692307692307693 0.0673076923076923
0 0.5384615384615384 0.8653846153846154 0.07692307692307693 0.0673076923076923
0 0.9675480769230769 0.4495192307692308 0.06009615384615385 0.0625
1 0.1502403846153846 0.7800480769230769 0.21153846153846154 0.19230769230769232
1 0.8798076923076923 0.12860576923076922 0.23557692307692307 0.19471153846153846
1 0.17668269230769232 0.35216346153846156 0.28365384615384615 0.19230769230769232
1 0.25841346153846156 0.20793269230769232 0.15384615384615385 0.18269230769230768
1 0.6899038461538461 0.4579326923076923 0.1875 0.17548076923076922
1 0.7475961538461539 0.5829326923076923 0.1875 0.17548076923076922
1 0.17668269230769232 0.5889423076923077 0.1875 0.17548076923076922
1 0.2692307692307692 0.5120192307692307 0.21875 0.18269230769230768
1 0.11778846153846154 0.07572115384615384 0.23076923076923078 0.1466346153846154
1 0.4266826923076923 0.14182692307692307 0.21634615384615385 0.21153846153846154
1 0.5769230769230769 0.12379807692307693 0.1778846153846154 0.18269230769230768
1 0.6069711538461539 0.3269230769230769 0.19230769230769232 0.18269230769230768
1 0.6490384615384616 0.7319711538461539 0.1971153846153846 0.1971153846153846
1 0.7776442307692307 0.8762019230769231 0.1971153846153846 0.19951923076923078