1 0.27524038461538464 0.8978365384615384 0.19230769230769232 0.19951923076923078
1 0.30649038461538464 0.08533653846153846 0.18509615384615385 0.1658653846153846
1 0.9254807692307693 0.3870192307692308 0.14423076923076922 0.22115384615384615
1 0.09375 0.6911057692307693 0.18509615384615385 0.17307692307692307
1 0.38100961538461536 0.6201923076923077 0.19230769230769232 0.20192307692307693
1 0.19471153846153846 0.22355769230769232 0.19230769230769232 0.20192307692307693
1 0.47596153846153844 0.2536057692307692 0.1778846153846154 0.21634615384615385
1 0.8653846153846154 0.8317307692307693 0.1875 0.24519230769230768
1 0.9254807692307693 0.6682692307692307 0.13701923076923078 0.20192307692307693
0 0.4387019230769231 0.7764423076923077 0.057692307692307696 0.07692307692307693
2 0.7019230769230769 0.2608173076923077 0.3245192307692308 0.3798076923076923