1 0.43028846153846156 0.5396634615384616 0.21634615384615385 0.16346153846153846
1 0.8125 0.203125 0.1971153846153846 0.14423076923076922
1 0.5060096153846154 0.09254807692307693 0.21153846153846154 0.15625
1 0.7055288461538461 0.8846153846153846 0.22115384615384615 0.15865384615384615
1 0.4014423076923077 0.3317307692307692 0.22115384615384615 0.15865384615384615
1 0.4807692307692308 0.8293269230769231 0.22115384615384615 0.15865384615384615
1 0.9098557692307693 0.4675480769230769 0.1778846153846154 0.16346153846153846
1 0.3401442307692308 0.6814903846153846 0.1778846153846154 0.16346153846153846
1 0.09735576923076923 0.41466346153846156 0.19230769230769232 0.17067307692307693
1 0.07211538461538461 0.5997596153846154 0.13942307692307693 0.2091346153846154
1 0.1201923076923077 0.8173076923076923 0.2403846153846154 0.1658653846153846
2 0.7211538461538461 0.6634615384615384 0.4182692307692308 0.3389423076923077
2 0.6370192307692307 0.4014423076923077 0.3004807692307692 0.2403846153846154
0 0.16466346153846154 0.030048076923076924 0.0673076923076923 0.052884615384615384