1 0.6478365384615384 0.4543269230769231 0.19230769230769232 0.16105769230769232
1 0.09735576923076923 0.3425480769230769 0.18990384615384615 0.16105769230769232
1 0.32572115384615385 0.6670673076923077 0.22596153846153846 0.16346153846153846
1 0.3641826923076923 0.8737980769230769 0.2548076923076923 0.19230769230769232
1 0.296875 0.3954326923076923 0.21153846153846154 0.17548076923076922
1 0.2620192307692308 0.09014423076923077 0.20673076923076922 0.17067307692307693
1 0.5564903846153846 0.6346153846153846 0.23798076923076922 0.15865384615384615
1 0.46875 0.21153846153846154 0.25961538461538464 0.1778846153846154
1 0.7836538461538461 0.8209134615384616 0.24519230769230768 0.18028846153846154
1 0.9026442307692307 0.24759615384615385 0.18990384615384615 0.16346153846153846
0 0.7223557692307693 0.2704326923076923 0.09134615384615384 0.08413461538461539
0 0.5588942307692307 0.37259615384615385 0.09134615384615384 0.0673076923076923
0 0.6730769230769231 0.5661057692307693 0.09615384615384616 0.06971153846153846
2 0.8665865384615384 0.5925480769230769 0.2620192307692308 0.25240384615384615