1 0.11778846153846154 0.24158653846153846 0.18028846153846154 0.19951923076923078
1 0.11658653846153846 0.44471153846153844 0.17067307692307693 0.18990384615384615
1 0.234375 0.6334134615384616 0.17307692307692307 0.21153846153846154
1 0.12620192307692307 0.78125 0.1778846153846154 0.19951923076923078
1 0.3245192307692308 0.8161057692307693 0.1778846153846154 0.17548076923076922
1 0.46875 0.8185096153846154 0.18269230769230768 0.1971153846153846
1 0.6490384615384616 0.8401442307692307 0.1658653846153846 0.23076923076923078
1 0.7692307692307693 0.8221153846153846 0.15865384615384615 0.17307692307692307
1 0.7848557692307693 0.625 0.15625 0.22596153846153846
1 0.8677884615384616 0.5240384615384616 0.19230769230769232 0.15865384615384615
1 0.8365384615384616 0.3485576923076923 0.19230769230769232 0.16826923076923078
1 0.5901442307692307 0.19831730769230768 0.17307692307692307 0.19951923076923078
1 0.84375 0.12259615384615384 0.1778846153846154 0.2403846153846154
1 0.36538461538461536 0.3112980769230769 0.1875 0.27884615384615385
2 0.5504807692307693 0.49038461538461536 0.35096153846153844 0.4567307692307692