1 0.09975961538461539 0.4723557692307692 0.17548076923076922 0.18509615384615385
1 0.2980769230769231 0.24879807692307693 0.16826923076923078 0.22115384615384615
1 0.15264423076923078 0.3004807692307692 0.12980769230769232 0.2932692307692308
1 0.6346153846153846 0.3557692307692308 0.18269230769230768 0.21634615384615385
1 0.48677884615384615 0.23076923076923078 0.17067307692307693 0.17307692307692307
1 0.4495192307692308 0.49038461538461536 0.13701923076923078 0.28365384615384615
1 0.5721153846153846 0.5504807692307693 0.16826923076923078 0.22115384615384615
1 0.8978365384615384 0.3557692307692308 0.18269230769230768 0.22115384615384615
1 0.9026442307692307 0.6754807692307693 0.18269230769230768 0.22115384615384615
1 0.47475961538461536 0.078125 0.18990384615384615 0.15144230769230768
1 0.3004807692307692 0.4795673076923077 0.19230769230769232 0.1778846153846154
1 0.17427884615384615 0.7463942307692307 0.19230769230769232 0.21875
1 0.7043269230769231 0.4651442307692308 0.13701923076923078 0.17307692307692307
1 0.8125 0.9302884615384616 0.13701923076923078 0.1346153846153846
1 0.6418269230769231 0.13221153846153846 0.15384615384615385 0.25961538461538464
0 0.7980769230769231 0.8293269230769231 0.07692307692307693 0.08173076923076923
2 0.4735576923076923 0.8052884615384616 0.34375 0.38461538461538464