1 0.7620192307692307 0.4723557692307692 0.23317307692307693 0.18269230769230768
1 0.4855769230769231 0.3245192307692308 0.17548076923076922 0.18269230769230768
1 0.8365384615384616 0.21754807692307693 0.19230769230769232 0.16826923076923078
1 0.4387019230769231 0.1310096153846154 0.22596153846153846 0.16346153846153846
1 0.7271634615384616 0.14182692307692307 0.19230769230769232 0.15865384615384615
1 0.9290865384615384 0.27283653846153844 0.13701923076923078 0.1466346153846154
1 0.8365384615384616 0.8425480769230769 0.20192307692307693 0.12980769230769232
1 0.3449519230769231 0.6057692307692307 0.1971153846153846 0.15384615384615385
1 0.11298076923076923 0.1622596153846154 0.1971153846153846 0.15384615384615385
1 0.2932692307692308 0.34375 0.19230769230769232 0.18269230769230768
1 0.12379807692307693 0.8774038461538461 0.1971153846153846 0.15625
1 0.30649038461538464 0.7692307692307693 0.1875 0.16346153846153846
1 0.11177884615384616 0.5637019230769231 0.20673076923076922 0.16105769230769232
1 0.0829326923076923 0.4074519230769231 0.16346153846153846 0.16826923076923078
1 0.1045673076923077 0.7283653846153846 0.20432692307692307 0.14903846153846154
1 0.5012019230769231 0.9158653846153846 0.18509615384615385 0.16346153846153846
2 0.6730769230769231 0.6778846153846154 0.3870192307692308 0.27884615384615385