1 0.29927884615384615 0.7668269230769231 0.15144230769230768 0.2668269230769231
1 0.10817307692307693 0.4987980769230769 0.15865384615384615 0.21875
1 0.1814903846153846 0.9074519230769231 0.16826923076923078 0.18269230769230768
1 0.6983173076923077 0.5276442307692307 0.16826923076923078 0.19951923076923078
1 0.6117788461538461 0.15625 0.17067307692307693 0.23798076923076922
1 0.38221153846153844 0.1502403846153846 0.16105769230769232 0.19230769230769232
1 0.7067307692307693 0.33774038461538464 0.16826923076923078 0.19951923076923078
1 0.7572115384615384 0.12259615384615384 0.17307692307692307 0.24278846153846154
1 0.5192307692307693 0.6814903846153846 0.17307692307692307 0.15384615384615385
1 0.5841346153846154 0.8786057692307693 0.10096153846153846 0.23798076923076922
1 0.12860576923076922 0.7391826923076923 0.14423076923076922 0.1875
1 0.21995192307692307 0.16826923076923078 0.14903846153846154 0.20432692307692307
1 0.9278846153846154 0.38822115384615385 0.14182692307692307 0.21875
2 0.5144230769230769 0.4026442307692308 0.3389423076923077 0.43990384615384615