2 0.8269230769230769 0.2764423076923077 0.34134615384615385 0.34134615384615385
1 0.8485576923076923 0.6189903846153846 0.19230769230769232 0.15625
1 0.49759615384615385 0.15504807692307693 0.25 0.14423076923076922
1 0.9146634615384616 0.7692307692307693 0.1658653846153846 0.13942307692307693
1 0.3581730769230769 0.7884615384615384 0.16826923076923078 0.13701923076923078
1 0.6983173076923077 0.7776442307692307 0.16826923076923078 0.13701923076923078
1 0.6935096153846154 0.7223557692307693 0.20673076923076922 0.14182692307692307
1 0.8257211538461539 0.5060096153846154 0.22596153846153846 0.14182692307692307
1 0.23076923076923078 0.9230769230769231 0.20192307692307693 0.14182692307692307
1 0.29086538461538464 0.8293269230769231 0.20192307692307693 0.14182692307692307
1 0.4411057692307692 0.6358173076923077 0.17067307692307693 0.09615384615384616
1 0.46634615384615385 0.5661057692307693 0.1971153846153846 0.10336538461538461
1 0.23677884615384615 0.5456730769230769 0.22596153846153846 0.18269230769230768
1 0.07211538461538461 0.5492788461538461 0.13942307692307693 0.16346153846153846
1 0.17067307692307693 0.6213942307692307 0.23317307692307693 0.16105769230769232
1 0.09975961538461539 0.2932692307692308 0.1971153846153846 0.16826923076923078
1 0.21033653846153846 0.07692307692307693 0.2620192307692308 0.15144230769230768
1 0.4411057692307692 0.3293269230769231 0.21634615384615385 0.14423076923076922
1 0.5504807692307693 0.8052884615384616 0.23076923076923078 0.15865384615384615