1 0.5036057692307693 0.109375 0.17067307692307693 0.1971153846153846
1 0.8317307692307693 0.30528846153846156 0.17067307692307693 0.1971153846153846
1 0.2668269230769231 0.8990384615384616 0.17307692307692307 0.1971153846153846
1 0.5841346153846154 0.3557692307692308 0.20192307692307693 0.23076923076923078
1 0.6802884615384616 0.21875 0.16826923076923078 0.18269230769230768
1 0.6418269230769231 0.09254807692307693 0.1778846153846154 0.18269230769230768
1 0.3605769230769231 0.25721153846153844 0.17067307692307693 0.1971153846153846
1 0.33653846153846156 0.38100961538461536 0.16105769230769232 0.23317307692307693
1 0.765625 0.734375 0.18269230769230768 0.2403846153846154
1 0.7331730769230769 0.9266826923076923 0.17067307692307693 0.14423076923076922
1 0.5685096153846154 0.9194711538461539 0.1971153846153846 0.15865384615384615
1 0.9423076923076923 0.45552884615384615 0.11057692307692307 0.21394230769230768
1 0.13341346153846154 0.8064903846153846 0.14182692307692307 0.1971153846153846
1 0.1778846153846154 0.4543269230769231 0.16105769230769232 0.27884615384615385
0 0.4338942307692308 0.8629807692307693 0.052884615384615384 0.08173076923076923
2 0.5432692307692307 0.6334134615384616 0.3269230769230769 0.39903846153846156