2 0.546875 0.6069711538461539 0.30288461538461536 0.40384615384615385
1 0.8822115384615384 0.2704326923076923 0.18269230769230768 0.21634615384615385
1 0.8137019230769231 0.11298076923076923 0.17307692307692307 0.22115384615384615
1 0.7271634615384616 0.20072115384615385 0.17307692307692307 0.22115384615384615
1 0.6658653846153846 0.33413461538461536 0.13942307692307693 0.22596153846153846
1 0.6310096153846154 0.2800480769230769 0.13942307692307693 0.22596153846153846
1 0.5973557692307693 0.2512019230769231 0.13942307692307693 0.22596153846153846
1 0.5432692307692307 0.23076923076923078 0.13942307692307693 0.22596153846153846
1 0.14423076923076922 0.2692307692307692 0.1658653846153846 0.21153846153846154
1 0.08413461538461539 0.12139423076923077 0.16346153846153846 0.21394230769230768
1 0.1201923076923077 0.8786057692307693 0.1658653846153846 0.21153846153846154
1 0.0985576923076923 0.7956730769230769 0.19230769230769232 0.22596153846153846
1 0.875 0.6286057692307693 0.19230769230769232 0.22596153846153846
1 0.7932692307692307 0.7560096153846154 0.19230769230769232 0.22596153846153846
1 0.8737980769230769 0.8269230769230769 0.19230769230769232 0.22596153846153846
1 0.4831730769230769 0.9254807692307693 0.19230769230769232 0.14423076923076922
1 0.5348557692307693 0.056490384615384616 0.13701923076923078 0.10817307692307693
1 0.4699519230769231 0.04927884615384615 0.13221153846153846 0.09375