1 0.7692307692307693 0.5769230769230769 0.22115384615384615 0.17307692307692307
1 0.7235576923076923 0.7632211538461539 0.23076923076923078 0.1971153846153846
1 0.9146634615384616 0.7391826923076923 0.1658653846153846 0.2091346153846154
1 0.47596153846153844 0.5528846153846154 0.22596153846153846 0.20192307692307693
1 0.23798076923076922 0.31850961538461536 0.22596153846153846 0.20192307692307693
1 0.20673076923076922 0.49038461538461536 0.20673076923076922 0.15384615384615385
1 0.27884615384615385 0.6117788461538461 0.19230769230769232 0.15865384615384615
1 0.109375 0.9230769230769231 0.21875 0.14903846153846154
1 0.3545673076923077 0.9230769230769231 0.21875 0.14903846153846154
1 0.4963942307692308 0.7944711538461539 0.24519230769230768 0.17307692307692307
1 0.9002403846153846 0.3473557692307692 0.19471153846153846 0.17548076923076922
1 0.7596153846153846 0.23076923076923078 0.23076923076923078 0.17548076923076922
1 0.5360576923076923 0.22235576923076922 0.23076923076923078 0.17548076923076922
2 0.6394230769230769 0.3894230769230769 0.2620192307692308 0.1875
0 0.10216346153846154 0.021634615384615384 0.08653846153846154 0.038461538461538464