1 0.2127403846153846 0.7259615384615384 0.15865384615384615 0.21153846153846154
1 0.15985576923076922 0.5024038461538461 0.19230769230769232 0.28365384615384615
1 0.3737980769230769 0.4495192307692308 0.17067307692307693 0.21634615384615385
1 0.8822115384615384 0.6670673076923077 0.16105769230769232 0.1971153846153846
1 0.6466346153846154 0.8317307692307693 0.1971153846153846 0.20673076923076922
1 0.7980769230769231 0.2860576923076923 0.14423076923076922 0.16346153846153846
1 0.43990384615384615 0.7524038461538461 0.17067307692307693 0.23076923076923078
1 0.8341346153846154 0.7728365384615384 0.14423076923076922 0.19951923076923078
1 0.6574519230769231 0.24278846153846154 0.14182692307692307 0.1778846153846154
1 0.6225961538461539 0.5745192307692307 0.15865384615384615 0.16826923076923078
1 0.7800480769230769 0.5240384615384616 0.15384615384615385 0.1971153846153846
1 0.6622596153846154 0.5 0.1466346153846154 0.15865384615384615
1 0.2127403846153846 0.2980769230769231 0 0
2 0.41225961538461536 0.15985576923076922 0.41346153846153844 0.3173076923076923