1 0.4987980769230769 0.23918269230769232 0.19471153846153846 0.21153846153846154
1 0.6502403846153846 0.7163461538461539 0.17307692307692307 0.22596153846153846
1 0.49399038461538464 0.5072115384615384 0.14423076923076922 0.23076923076923078
1 0.2091346153846154 0.2692307692307692 0.16826923076923078 0.21875
1 0.3557692307692308 0.4495192307692308 0.14903846153846154 0.22115384615384615
1 0.7980769230769231 0.125 0.14903846153846154 0.22115384615384615
1 0.9435096153846154 0.6286057692307693 0.11057692307692307 0.2692307692307692
1 0.08413461538461539 0.45552884615384615 0.15865384615384615 0.24519230769230768
1 0.43149038461538464 0.6995192307692307 0.1346153846153846 0.1971153846153846
1 0.8389423076923077 0.9158653846153846 0.1778846153846154 0.16346153846153846
2 0.234375 0.7872596153846154 0.3629807692307692 0.4206730769230769