1 0.32572115384615385 0.7151442307692307 0.22115384615384615 0.18990384615384615
1 0.6213942307692307 0.9026442307692307 0.22115384615384615 0.1875
1 0.8076923076923077 0.5300480769230769 0.22115384615384615 0.1875
1 0.7307692307692307 0.3629807692307692 0.20673076923076922 0.16826923076923078
1 0.8064903846153846 0.23317307692307693 0.20673076923076922 0.16826923076923078
1 0.6274038461538461 0.15985576923076922 0.21153846153846154 0.16826923076923078
1 0.9026442307692307 0.7355769230769231 0.19230769230769232 0.16105769230769232
1 0.5625 0.5480769230769231 0.1875 0.1875
1 0.8161057692307693 0.07572115384615384 0.19951923076923078 0.1466346153846154
1 0.49399038461538464 0.42427884615384615 0.1971153846153846 0.17307692307692307
1 0.4254807692307692 0.5925480769230769 0.22115384615384615 0.17307692307692307
1 0.19110576923076922 0.6430288461538461 0.20673076923076922 0.14903846153846154
1 0.4567307692307692 0.20793269230769232 0.14182692307692307 0.2091346153846154
2 0.24879807692307693 0.3088942307692308 0.2980769230769231 0.24519230769230768
0 0.1045673076923077 0.5480769230769231 0.07211538461538461 0.057692307692307696
0 0.24278846153846154 0.12740384615384615 0.06009615384615385 0.04807692307692308