1 0.8822115384615384 0.5588942307692307 0.15384615384615385 0.21153846153846154
1 0.71875 0.5745192307692307 0.15384615384615385 0.21153846153846154
1 0.8233173076923077 0.34615384615384615 0.15384615384615385 0.21153846153846154
1 0.9350961538461539 0.3401442307692308 0.125 0.20673076923076922
1 0.5120192307692307 0.46274038461538464 0.14903846153846154 0.20432692307692307
1 0.6418269230769231 0.36778846153846156 0.1971153846153846 0.18990384615384615
1 0.6923076923076923 0.2091346153846154 0.18269230769230768 0.15384615384615385
1 0.8557692307692307 0.08533653846153846 0.18269230769230768 0.16826923076923078
1 0.17668269230769232 0.2247596153846154 0.20192307692307693 0.22596153846153846
1 0.3629807692307692 0.078125 0.1971153846153846 0.15384615384615385
1 0.5336538461538461 0.2536057692307692 0.15865384615384615 0.21153846153846154
1 0.2620192307692308 0.5 0.16346153846153846 0.24519230769230768
1 0.171875 0.4543269230769231 0.16346153846153846 0.21153846153846154
1 0.8161057692307693 0.875 0.15384615384615385 0.21153846153846154
1 0.33653846153846156 0.7163461538461539 0.15384615384615385 0.21153846153846154
2 0.5540865384615384 0.7956730769230769 0.3581730769230769 0.40384615384615385