1 0.6538461538461539 0.5504807692307693 0.1201923076923077 0.2980769230769231
1 0.7043269230769231 0.8112980769230769 0.1875 0.21153846153846154
1 0.7908653846153846 0.5865384615384616 0.14903846153846154 0.18990384615384615
1 0.828125 0.4110576923076923 0.16826923076923078 0.20673076923076922
1 0.5901442307692307 0.23076923076923078 0.1778846153846154 0.23317307692307693
1 0.5168269230769231 0.4579326923076923 0.1658653846153846 0.20432692307692307
1 0.38341346153846156 0.5889423076923077 0.1875 0.20192307692307693
1 0.8942307692307693 0.18509615384615385 0.18028846153846154 0.25961538461538464
1 0.9134615384615384 0.7223557692307693 0.17067307692307693 0.22596153846153846
1 0.40625 0.8004807692307693 0.14423076923076922 0.23317307692307693
1 0.3161057692307692 0.8088942307692307 0.19471153846153846 0.25240384615384615
1 0.13942307692307693 0.3557692307692308 0.16346153846153846 0.21634615384615385
1 0.12620192307692307 0.23317307692307693 0.14903846153846154 0.19230769230769232
1 0.18389423076923078 0.6550480769230769 0.15144230769230768 0.18509615384615385
2 0.36538461538461536 0.23076923076923078 0.3485576923076923 0.42788461538461536
0 0.5228365384615384 0.7836538461538461 0.04807692307692308 0.0625
0 0.23197115384615385 0.04447115384615385 0.038461538461538464 0.07692307692307693