2 0.8653846153846154 0.3894230769230769 0.2644230769230769 0.25
1 0.6923076923076923 0.7800480769230769 0.24519230769230768 0.16105769230769232
1 0.640625 0.5060096153846154 0.24519230769230768 0.16105769230769232
1 0.4855769230769231 0.6105769230769231 0.2956730769230769 0.14423076923076922
1 0.47836538461538464 0.7560096153846154 0.23076923076923078 0.14903846153846154
1 0.640625 0.31490384615384615 0.23076923076923078 0.14903846153846154
1 0.3629807692307692 0.33774038461538464 0.23076923076923078 0.14903846153846154
1 0.1310096153846154 0.42788461538461536 0.25 0.16346153846153846
1 0.23197115384615385 0.8689903846153846 0.24759615384615385 0.18269230769230768
1 0.8978365384615384 0.13942307692307693 0.19951923076923078 0.16826923076923078
1 0.5901442307692307 0.05048076923076923 0.21875 0.09615384615384616
1 0.3317307692307692 0.055288461538461536 0.28846153846153844 0.11057692307692307
1 0.21634615384615385 0.15504807692307693 0.21153846153846154 0.1466346153846154
1 0.17548076923076922 0.2848557692307692 0.2548076923076923 0.18269230769230768
1 0.39783653846153844 0.9050480769230769 0.23076923076923078 0.12980769230769232
1 0.4699519230769231 0.16346153846153846 0.24519230769230768 0.16105769230769232