1 0.22716346153846154 0.32211538461538464 0.17307692307692307 0.19230769230769232
1 0.18629807692307693 0.6418269230769231 0.1778846153846154 0.23076923076923078
1 0.2800480769230769 0.8004807692307693 0.14423076923076922 0.21634615384615385
1 0.41346153846153844 0.4266826923076923 0.17067307692307693 0.25961538461538464
1 0.5348557692307693 0.21033653846153846 0.16346153846153846 0.20673076923076922
1 0.3605769230769231 0.14423076923076922 0.19951923076923078 0.22596153846153846
1 0.5973557692307693 0.0889423076923077 0.18269230769230768 0.1778846153846154
1 0.41586538461538464 0.8245192307692307 0.15865384615384615 0.18269230769230768
1 0.359375 0.6802884615384616 0.15865384615384615 0.18269230769230768
2 0.6995192307692307 0.5961538461538461 0.2692307692307692 0.3293269230769231
0 0.10817307692307693 0.042067307692307696 0.0673076923076923 0.07932692307692307
0 0.8088942307692307 0.4519230769230769 0.0673076923076923 0.09615384615384616