1 0.6694711538461539 0.6394230769230769 0.2403846153846154 0.15625
1 0.13701923076923078 0.7055288461538461 0.20432692307692307 0.18028846153846154
1 0.5204326923076923 0.7572115384615384 0.2403846153846154 0.1875
1 0.31009615384615385 0.8076923076923077 0.17067307692307693 0.18269230769230768
1 0.09495192307692307 0.1658653846153846 0.18509615384615385 0.15384615384615385
1 0.41346153846153844 0.07692307692307693 0.20192307692307693 0.14903846153846154
1 0.6346153846153846 0.07692307692307693 0.20192307692307693 0.14903846153846154
1 0.8401442307692307 0.5204326923076923 0.23317307692307693 0.19230769230769232
1 0.65625 0.37259615384615385 0.23076923076923078 0.16826923076923078
1 0.7019230769230769 0.21754807692307693 0.23076923076923078 0.16826923076923078
1 0.8161057692307693 0.25841346153846156 0.23076923076923078 0.16826923076923078
1 0.5336538461538461 0.9387019230769231 0.21153846153846154 0.11778846153846154
1 0.4579326923076923 0.2283653846153846 0.19951923076923078 0.14903846153846154
2 0.4074519230769231 0.453125 0.46153846153846156 0.34615384615384615