1 0.2848557692307692 0.6742788461538461 0.1875 0.22115384615384615
1 0.09735576923076923 0.3786057692307692 0.1875 0.22115384615384615
1 0.4699519230769231 0.19230769230769232 0.1875 0.22115384615384615
1 0.6370192307692307 0.2692307692307692 0.16826923076923078 0.20673076923076922
1 0.7668269230769231 0.1935096153846154 0.16826923076923078 0.20673076923076922
1 0.8401442307692307 0.37259615384615385 0.16826923076923078 0.21153846153846154
1 0.2644230769230769 0.09735576923076923 0.16105769230769232 0.19230769230769232
1 0.4519230769230769 0.4375 0.1875 0.1875
1 0.9242788461538461 0.18389423076923078 0.1466346153846154 0.19951923076923078
1 0.5757211538461539 0.5060096153846154 0.17307692307692307 0.1971153846153846
1 0.4074519230769231 0.5745192307692307 0.17307692307692307 0.22115384615384615
1 0.35697115384615385 0.8088942307692307 0.14903846153846154 0.20673076923076922
1 0.7920673076923077 0.5432692307692307 0.2091346153846154 0.14182692307692307
2 0.6911057692307693 0.7512019230769231 0.24519230769230768 0.2980769230769231
0 0.4519230769230769 0.8954326923076923 0.057692307692307696 0.07211538461538461
0 0.8725961538461539 0.7572115384615384 0.04807692307692308 0.06009615384615385