1 0.3737980769230769 0.4951923076923077 0.17307692307692307 0.17307692307692307
1 0.5348557692307693 0.640625 0.17307692307692307 0.17307692307692307
1 0.5456730769230769 0.46274038461538464 0.16346153846153846 0.19951923076923078
1 0.5564903846153846 0.09254807692307693 0.16346153846153846 0.18269230769230768
1 0.7536057692307693 0.11177884615384616 0.16826923076923078 0.21875
1 0.4423076923076923 0.23076923076923078 0.18269230769230768 0.21153846153846154
1 0.1310096153846154 0.16105769230769232 0.1778846153846154 0.20673076923076922
1 0.9074519230769231 0.6983173076923077 0.16346153846153846 0.19951923076923078
1 0.5901442307692307 0.8641826923076923 0.16346153846153846 0.19951923076923078
1 0.14903846153846154 0.30408653846153844 0.16346153846153846 0.19951923076923078
1 0.2536057692307692 0.07091346153846154 0.10576923076923077 0.13701923076923078
1 0.9146634615384616 0.9206730769230769 0.12740384615384615 0.15384615384615385
1 0.6995192307692307 0.6670673076923077 0.1346153846153846 0.17067307692307693
1 0.7283653846153846 0.8762019230769231 0.11538461538461539 0.15865384615384615
2 0.41225961538461536 0.8413461538461539 0.23557692307692307 0.2403846153846154
0 0.4074519230769231 0.671875 0.0673076923076923 0.09375
0 0.5769230769230769 0.2283653846153846 0.0673076923076923 0.09375