1 0.7235576923076923 0.7764423076923077 0.17548076923076922 0.21153846153846154
1 0.5384615384615384 0.765625 0.12980769230769232 0.21153846153846154
1 0.484375 0.08413461538461539 0.15144230769230768 0.16346153846153846
1 0.44350961538461536 0.5 0.13942307692307693 0.22115384615384615
1 0.4182692307692308 0.7884615384615384 0.11778846153846154 0.18990384615384615
1 0.8377403846153846 0.35216346153846156 0.15625 0.23317307692307693
1 0.7728365384615384 0.17067307692307693 0.14423076923076922 0.18028846153846154
1 0.9158653846153846 0.08052884615384616 0.15384615384615385 0.15865384615384615
1 0.6959134615384616 0.054086538461538464 0.15625 0.10336538461538461
1 0.5649038461538461 0.3004807692307692 0.1466346153846154 0.1778846153846154
1 0.6502403846153846 0.3557692307692308 0.14903846153846154 0.21634615384615385
1 0.08173076923076923 0.10216346153846154 0.15384615384615385 0.19951923076923078
1 0.052884615384615384 0.3329326923076923 0.10096153846153846 0.2403846153846154
2 0.27403846153846156 0.23557692307692307 0.35096153846153844 0.4182692307692308
0 0.7379807692307693 0.6526442307692307 0.0625 0.08173076923076923
0 0.9435096153846154 0.42908653846153844 0.07692307692307693 0.08173076923076923