1 0.3557692307692308 0.8365384615384616 0.25240384615384615 0.19230769230769232
1 0.6682692307692307 0.7548076923076923 0.2548076923076923 0.16826923076923078
1 0.4026442307692308 0.2620192307692308 0.21634615384615385 0.14423076923076922
1 0.15985576923076922 0.5336538461538461 0.21634615384615385 0.14423076923076922
1 0.10697115384615384 0.8149038461538461 0.21153846153846154 0.15865384615384615
1 0.6995192307692307 0.07932692307692307 0.21153846153846154 0.15625
1 0.5973557692307693 0.33413461538461536 0.21153846153846154 0.15865384615384615
1 0.7536057692307693 0.24639423076923078 0.20432692307692307 0.1778846153846154
1 0.7704326923076923 0.4206730769230769 0.20432692307692307 0.1778846153846154
1 0.6995192307692307 0.9230769230769231 0.21153846153846154 0.14903846153846154
1 0.22716346153846154 0.6971153846153846 0.20673076923076922 0.15144230769230768
1 0.8834134615384616 0.23798076923076922 0.15384615384615385 0.14423076923076922
1 0.14543269230769232 0.10216346153846154 0.20673076923076922 0.1971153846153846
1 0.3425480769230769 0.3870192307692308 0.27884615384615385 0.11057692307692307
1 0.8509615384615384 0.6213942307692307 0.21634615384615385 0.15865384615384615
1 0.4699519230769231 0.1045673076923077 0.21634615384615385 0.15865384615384615
1 0.9170673076923077 0.9194711538461539 0.16105769230769232 0.15625
0 0.9423076923076923 0.7259615384615384 0.11057692307692307 0.08653846153846154
0 0.8569711538461539 0.4987980769230769 0.04807692307692308 0.055288461538461536
2 0.5132211538461539 0.5564903846153846 0.4519230769230769 0.3798076923076923