1 0.18028846153846154 0.8449519230769231 0.14903846153846154 0.19230769230769232
1 0.6045673076923077 0.9026442307692307 0.14903846153846154 0.19230769230769232
1 0.7247596153846154 0.78125 0.1778846153846154 0.1971153846153846
1 0.7716346153846154 0.5733173076923077 0.15625 0.19230769230769232
1 0.7355769230769231 0.3629807692307692 0.15865384615384615 0.20192307692307693
1 0.6189903846153846 0.5252403846153846 0.13701923076923078 0.20673076923076922
1 0.27163461538461536 0.3161057692307692 0.17067307692307693 0.1971153846153846
1 0.5384615384615384 0.27283653846153844 0.18028846153846154 0.23798076923076922
1 0.15985576923076922 0.140625 0.17307692307692307 0.23076923076923078
1 0.38461538461538464 0.11658653846153846 0.19230769230769232 0.23076923076923078
1 0.15264423076923078 0.4723557692307692 0.17067307692307693 0.1971153846153846
1 0.08653846153846154 0.5528846153846154 0.16826923076923078 0.1971153846153846
1 0.41346153846153844 0.4543269230769231 0.1778846153846154 0.21634615384615385
1 0.8377403846153846 0.1622596153846154 0.18028846153846154 0.23798076923076922
1 0.9086538461538461 0.4182692307692308 0.16346153846153846 0.22115384615384615
1 0.9026442307692307 0.8882211538461539 0.16346153846153846 0.22115384615384615
1 0.9302884615384616 0.6286057692307693 0.1346153846153846 0.21394230769230768
1 0.5564903846153846 0.0829326923076923 0.15865384615384615 0.16346153846153846
2 0.40865384615384615 0.7680288461538461 0.3389423076923077 0.43990384615384615