2 0.2860576923076923 0.6538461538461539 0.25240384615384615 0.1971153846153846
1 0.6802884615384616 0.5504807692307693 0.21875 0.17307692307692307
1 0.24639423076923078 0.4639423076923077 0.21875 0.17307692307692307
1 0.6213942307692307 0.3737980769230769 0.1971153846153846 0.13942307692307693
1 0.7127403846153846 0.21875 0.1971153846153846 0.13942307692307693
1 0.7475961538461539 0.27524038461538464 0.1971153846153846 0.13942307692307693
1 0.8737980769230769 0.38341346153846156 0.22596153846153846 0.19471153846153846
1 0.5516826923076923 0.6129807692307693 0.18269230769230768 0.15384615384615385
1 0.7920673076923077 0.7644230769230769 0.23798076923076922 0.20192307692307693
1 0.09735576923076923 0.8365384615384616 0.18990384615384615 0.17307692307692307
1 0.11658653846153846 0.6502403846153846 0.16826923076923078 0.15384615384615385
1 0.09375 0.27884615384615385 0.18269230769230768 0.17307692307692307
1 0.3762019230769231 0.10576923076923077 0.18509615384615385 0.17307692307692307
1 0.5036057692307693 0.09975961538461539 0.18509615384615385 0.17307692307692307
1 0.6189903846153846 0.07451923076923077 0.20432692307692307 0.14423076923076922
1 0.3112980769230769 0.20192307692307693 0.20192307692307693 0.1466346153846154
1 0.23677884615384615 0.2848557692307692 0.20192307692307693 0.1466346153846154
1 0.3798076923076923 0.2692307692307692 0.20192307692307693 0.1466346153846154
1 0.4338942307692308 0.2692307692307692 0.20673076923076922 0.16346153846153846
1 0.4375 0.3076923076923077 0.20673076923076922 0.16346153846153846
1 0.4831730769230769 0.3713942307692308 0.20673076923076922 0.16346153846153846
1 0.6045673076923077 0.8269230769230769 0.21634615384615385 0.19230769230769232
1 0.9230769230769231 0.19110576923076922 0.14903846153846154 0.19951923076923078
1 0.8786057692307693 0.9290865384615384 0.23798076923076922 0.13701923076923078
0 0.2668269230769231 0.8112980769230769 0.09615384615384616 0.06009615384615385