1 0.1658653846153846 0.8161057692307693 0.17067307692307693 0.25
1 0.3870192307692308 0.7620192307692307 0.22355769230769232 0.21153846153846154
1 0.14543269230769232 0.2127403846153846 0.18269230769230768 0.22596153846153846
1 0.5925480769230769 0.19951923076923078 0.18269230769230768 0.22596153846153846
1 0.41225961538461536 0.2980769230769231 0.1875 0.25
1 0.9146634615384616 0.5120192307692307 0.15384615384615385 0.20673076923076922
1 0.21033653846153846 0.47115384615384615 0.16105769230769232 0.21634615384615385
1 0.2548076923076923 0.38822115384615385 0.12980769230769232 0.1778846153846154
1 0.38461538461538464 0.5336538461538461 0.1778846153846154 0.1875
1 0.29927884615384615 0.125 0.13942307692307693 0.19230769230769232
1 0.8713942307692307 0.2536057692307692 0.1778846153846154 0.20192307692307693
1 0.06370192307692307 0.4170673076923077 0.125 0.24519230769230768
1 0.8052884615384616 0.4338942307692308 0.09615384615384616 0.1346153846153846
2 0.609375 0.6526442307692307 0.39903846153846156 0.5096153846153846