1 0.7319711538461539 0.6935096153846154 0.25961538461538464 0.18269230769230768
1 0.7608173076923077 0.49038461538461536 0.17548076923076922 0.1658653846153846
1 0.5216346153846154 0.8365384615384616 0.3076923076923077 0.16346153846153846
1 0.3317307692307692 0.671875 0.21634615384615385 0.15625
1 0.9146634615384616 0.2127403846153846 0.16826923076923078 0.17548076923076922
1 0.0733173076923077 0.7572115384615384 0.14423076923076922 0.11778846153846154
1 0.15985576923076922 0.41947115384615385 0.22115384615384615 0.20432692307692307
1 0.1971153846153846 0.5661057692307693 0.1971153846153846 0.13701923076923078
1 0.5889423076923077 0.07932692307692307 0.23076923076923078 0.15384615384615385
1 0.8401442307692307 0.8689903846153846 0.23076923076923078 0.15625
1 0.09375 0.9411057692307693 0.18269230769230768 0.11298076923076923
2 0.4735576923076923 0.4495192307692308 0.36538461538461536 0.3125
1 0.5 0.23918269230769232 0.17548076923076922 0.1658653846153846
1 0.2536057692307692 0.3161057692307692 0.22596153846153846 0.1971153846153846