1 0.23076923076923078 0.0829326923076923 0.20673076923076922 0.16346153846153846
1 0.5625 0.38341346153846156 0.13701923076923078 0.22596153846153846
1 0.5096153846153846 0.609375 0.14182692307692307 0.19230769230769232
1 0.6887019230769231 0.1045673076923077 0.14182692307692307 0.19230769230769232
1 0.7139423076923077 0.8377403846153846 0.14903846153846154 0.19230769230769232
1 0.9362980769230769 0.43028846153846156 0.125 0.19230769230769232
1 0.8822115384615384 0.15144230769230768 0.125 0.19230769230769232
1 0.8365384615384616 0.9086538461538461 0.13942307692307693 0.17067307692307693
1 0.140625 0.7319711538461539 0.13701923076923078 0.23557692307692307
1 0.22235576923076922 0.3137019230769231 0.14903846153846154 0.21634615384615385
1 0.3605769230769231 0.26802884615384615 0.14182692307692307 0.1778846153846154
1 0.24158653846153846 0.515625 0.1778846153846154 0.21634615384615385
1 0.3581730769230769 0.6526442307692307 0.13221153846153846 0.19230769230769232
1 0.39903846153846156 0.7620192307692307 0.14182692307692307 0.1875
1 0.28846153846153844 0.8245192307692307 0.16826923076923078 0.20673076923076922
2 0.7211538461538461 0.5360576923076923 0.27403846153846156 0.3173076923076923
0 0.41947115384615385 0.8882211538461539 0.0625 0.08653846153846154