1 0.24639423076923078 0.43509615384615385 0.21153846153846154 0.19230769230769232
1 0.28365384615384615 0.17548076923076922 0.21153846153846154 0.19230769230769232
1 0.40865384615384615 0.18870192307692307 0.21153846153846154 0.19230769230769232
1 0.6298076923076923 0.25721153846153844 0.1778846153846154 0.19230769230769232
1 0.5120192307692307 0.6310096153846154 0.21875 0.14903846153846154
1 0.6009615384615384 0.7872596153846154 0.21875 0.14903846153846154
1 0.2091346153846154 0.8810096153846154 0.21875 0.15144230769230768
1 0.9122596153846154 0.5625 0.17067307692307693 0.16346153846153846
1 0.3076923076923077 0.6057692307692307 0.18990384615384615 0.15865384615384615
1 0.6862980769230769 0.47475961538461536 0.21153846153846154 0.16826923076923078
1 0.8064903846153846 0.06370192307692307 0.23798076923076922 0.125
1 0.8557692307692307 0.9110576923076923 0.21634615384615385 0.17307692307692307
2 0.8473557692307693 0.2956730769230769 0.3004807692307692 0.33653846153846156