1 0.6862980769230769 0.5733173076923077 0.1346153846153846 0.20432692307692307
1 0.7800480769230769 0.5733173076923077 0.1346153846153846 0.20432692307692307
1 0.6959134615384616 0.16947115384615385 0.15144230769230768 0.20192307692307693
1 0.4182692307692308 0.10216346153846154 0.15384615384615385 0.19951923076923078
1 0.5336538461538461 0.41466346153846156 0.12980769230769232 0.23798076923076922
1 0.12139423076923077 0.3293269230769231 0.15625 0.23317307692307693
1 0.05048076923076923 0.7067307692307693 0.09615384615384616 0.23076923076923078
2 0.3293269230769231 0.4098557692307692 0.34615384615384615 0.4014423076923077
1 0.7043269230769231 0.7572115384615384 0.16346153846153846 0.1971153846153846
1 0.5456730769230769 0.7884615384615384 0.16346153846153846 0.1971153846153846
1 0.44350961538461536 0.8545673076923077 0.1778846153846154 0.19951923076923078