1 0.48677884615384615 0.15264423076923078 0.21394230769230768 0.1971153846153846
1 0.4543269230769231 0.30528846153846156 0.1466346153846154 0.18990384615384615
1 0.21995192307692307 0.1814903846153846 0.18509615384615385 0.20432692307692307
1 0.35096153846153844 0.7848557692307693 0.16105769230769232 0.20432692307692307
1 0.5564903846153846 0.7247596153846154 0.1658653846153846 0.1875
1 0.5168269230769231 0.5685096153846154 0.14903846153846154 0.1778846153846154
1 0.6995192307692307 0.8257211538461539 0.19951923076923078 0.23557692307692307
1 0.24278846153846154 0.9002403846153846 0.1466346153846154 0.1971153846153846
1 0.15504807692307693 0.8942307692307693 0.18028846153846154 0.20673076923076922
1 0.3137019230769231 0.4254807692307692 0.2283653846153846 0.24519230769230768
1 0.33413461538461536 0.6033653846153846 0.17548076923076922 0.19230769230769232
1 0.7199519230769231 0.19110576923076922 0.18028846153846154 0.2620192307692308
1 0.12620192307692307 0.5228365384615384 0.16346153846153846 0.22115384615384615
2 0.8966346153846154 0.3161057692307692 0.20432692307692307 0.43990384615384615