1 0.5769230769230769 0.23076923076923078 0.17307692307692307 0.22115384615384615
1 0.7632211538461539 0.2764423076923077 0.1971153846153846 0.23076923076923078
1 0.7391826923076923 0.08533653846153846 0.2091346153846154 0.1658653846153846
1 0.5528846153846154 0.5240384615384616 0.20192307692307693 0.22596153846153846
1 0.31850961538461536 0.7620192307692307 0.20192307692307693 0.22596153846153846
1 0.49038461538461536 0.7932692307692307 0.15384615384615385 0.20673076923076922
1 0.6117788461538461 0.7211538461538461 0.15865384615384615 0.19230769230769232
1 0.9242788461538461 0.8894230769230769 0.15144230769230768 0.21634615384615385
1 0.9230769230769231 0.6454326923076923 0.14903846153846154 0.21875
1 0.7944711538461539 0.5036057692307693 0.17307692307692307 0.24759615384615385
1 0.3473557692307692 0.09975961538461539 0.17548076923076922 0.19471153846153846
1 0.23076923076923078 0.2403846153846154 0.17548076923076922 0.23076923076923078
1 0.22235576923076922 0.4639423076923077 0.17548076923076922 0.23076923076923078
2 0.3894230769230769 0.3605769230769231 0.1875 0.2620192307692308
0 0.021634615384615384 0.8978365384615384 0.038461538461538464 0.08653846153846154