1 0.35096153846153844 0.4855769230769231 0.22115384615384615 0.1778846153846154
1 0.32572115384615385 0.8245192307692307 0.22115384615384615 0.1778846153846154
1 0.22115384615384615 0.27163461538461536 0.2668269230769231 0.16346153846153846
1 0.28725961538461536 0.08173076923076923 0.2668269230769231 0.16346153846153846
1 0.5348557692307693 0.1778846153846154 0.2668269230769231 0.16346153846153846
1 0.8353365384615384 0.19110576923076922 0.2668269230769231 0.16346153846153846
1 0.8653846153846154 0.2620192307692308 0.2644230769230769 0.16346153846153846
1 0.4735576923076923 0.5865384615384616 0.22115384615384615 0.15384615384615385
1 0.4879807692307692 0.3293269230769231 0.22115384615384615 0.15384615384615385
1 0.24519230769230768 0.921875 0.22115384615384615 0.15384615384615385
1 0.09134615384615384 0.40024038461538464 0.1778846153846154 0.1875
1 0.07451923076923077 0.6466346153846154 0.14423076923076922 0.19951923076923078
1 0.453125 0.6622596153846154 0.21875 0.1346153846153846
1 0.5072115384615384 0.7151442307692307 0.21875 0.1346153846153846
1 0.5492788461538461 0.7716346153846154 0.21875 0.1346153846153846
1 0.5901442307692307 0.8870192307692307 0.21875 0.1346153846153846
0 0.171875 0.7055288461538461 0.07211538461538461 0.057692307692307696
0 0.8713942307692307 0.9615384615384616 0.07211538461538461 0.057692307692307696
0 0.671875 0.7776442307692307 0.07211538461538461 0.057692307692307696
2 0.7980769230769231 0.47596153846153844 0.39903846153846156 0.3317307692307692
1 0.7512019230769231 0.6971153846153846 0.25961538461538464 0.13221153846153846
1 0.12139423076923077 0.8149038461538461 0.16346153846153846 0.17307692307692307