2 0.21754807692307693 0.4170673076923077 0.3629807692307692 0.5961538461538461
1 0.7932692307692307 0.22235576923076922 0.2091346153846154 0.20673076923076922
1 0.65625 0.5096153846153846 0.14903846153846154 0.18269230769230768
1 0.5516826923076923 0.4651442307692308 0.14903846153846154 0.18269230769230768
1 0.43028846153846156 0.24278846153846154 0.15384615384615385 0.31490384615384615
1 0.5637019230769231 0.23798076923076922 0.14903846153846154 0.19951923076923078
1 0.515625 0.10096153846153846 0.15144230769230768 0.1971153846153846
1 0.7908653846153846 0.6838942307692307 0.1875 0.22596153846153846
1 0.7824519230769231 0.8990384615384616 0.1875 0.1971153846153846
1 0.4254807692307692 0.6826923076923077 0.18269230769230768 0.18990384615384615
1 0.5721153846153846 0.6911057692307693 0.21394230769230768 0.2620192307692308
1 0.109375 0.7151442307692307 0.1971153846153846 0.25240384615384615
1 0.09014423076923077 0.9014423076923077 0.1778846153846154 0.19230769230769232
1 0.53125 0.9314903846153846 0.16826923076923078 0.1346153846153846
1 0.34615384615384615 0.8545673076923077 0.21153846153846154 0.23798076923076922
0 0.7379807692307693 0.09975961538461539 0.0625 0.07211538461538461
1 0.8233173076923077 0.5865384615384616 0.14903846153846154 0.18269230769230768
1 0.2860576923076923 0.09254807692307693 0.15384615384615385 0.18028846153846154