1 0.29927884615384615 0.36899038461538464 0.18028846153846154 0.23317307692307693
1 0.6466346153846154 0.7536057692307693 0.18028846153846154 0.23317307692307693
1 0.7211538461538461 0.2848557692307692 0.18028846153846154 0.23317307692307693
1 0.5637019230769231 0.5072115384615384 0.11538461538461539 0.24519230769230768
1 0.31971153846153844 0.6069711538461539 0.19230769230769232 0.2403846153846154
1 0.5144230769230769 0.12860576923076922 0.16826923076923078 0.22596153846153846
1 0.3245192307692308 0.1622596153846154 0.19951923076923078 0.20432692307692307
1 0.8677884615384616 0.44350961538461536 0.18028846153846154 0.23317307692307693
1 0.8341346153846154 0.109375 0.15865384615384615 0.21394230769230768
1 0.5985576923076923 0.9230769230769231 0.18028846153846154 0.14903846153846154
1 0.49158653846153844 0.5108173076923077 0.18028846153846154 0.23076923076923078
1 0.19831730769230768 0.171875 0.19230769230769232 0.20192307692307693
2 0.3762019230769231 0.8329326923076923 0.3389423076923077 0.3293269230769231