2 0.6971153846153846 0.5625 0.30288461538461536 0.37259615384615385
2 0.5997596153846154 0.8641826923076923 0.23317307692307693 0.2668269230769231
0 0.8485576923076923 0.7403846153846154 0.057692307692307696 0.09134615384615384
0 0.11057692307692307 0.22235576923076922 0.057692307692307696 0.09134615384615384
1 0.3016826923076923 0.4170673076923077 0.20673076923076922 0.2932692307692308
1 0.23557692307692307 0.7427884615384616 0.16826923076923078 0.24519230769230768
1 0.08413461538461539 0.8221153846153846 0.1658653846153846 0.24519230769230768
1 0.18509615384615385 0.921875 0.1778846153846154 0.15144230769230768
1 0.875 0.10336538461538461 0.12980769230769232 0.20192307692307693
1 0.8221153846153846 0.15144230769230768 0.12980769230769232 0.23076923076923078
1 0.7728365384615384 0.18629807692307693 0.13221153846153846 0.23076923076923078
1 0.7055288461538461 0.2283653846153846 0.13221153846153846 0.23076923076923078
1 0.6262019230769231 0.29086538461538464 0.13221153846153846 0.23076923076923078
1 0.9326923076923077 0.703125 0.12980769230769232 0.23317307692307693
1 0.9447115384615384 0.8509615384615384 0.10576923076923077 0.23557692307692307
1 0.21634615384615385 0.15745192307692307 0.11538461538461539 0.21875
1 0.28846153846153844 0.15384615384615385 0.12980769230769232 0.21634615384615385
1 0.5072115384615384 0.14302884615384615 0.1466346153846154 0.21875
1 0.41225961538461536 0.7127403846153846 0.1778846153846154 0.24519230769230768