1 0.5192307692307693 0.8569711538461539 0.22596153846153846 0.20192307692307693
1 0.7235576923076923 0.9074519230769231 0.20192307692307693 0.17548076923076922
1 0.4182692307692308 0.25240384615384615 0.18269230769230768 0.20432692307692307
1 0.6850961538461539 0.2824519230769231 0 0
1 0.5276442307692307 0.49399038461538464 0.22115384615384615 0.1875
1 0.12740384615384615 0.9074519230769231 0.25 0.18028846153846154
1 0.10697115384615384 0.12860576923076922 0.19230769230769232 0.15865384615384615
1 0.17427884615384615 0.25961538461538464 0.2548076923076923 0.10817307692307693
1 0.8004807692307693 0.5997596153846154 0.24759615384615385 0.14182692307692307
0 0.8028846153846154 0.038461538461538464 0.10096153846153846 0.07211538461538461
0 0.4807692307692308 0.1466346153846154 0.10096153846153846 0.07451923076923077
2 0.15985576923076922 0.47475961538461536 0.3173076923076923 0.3798076923076923