1 0.8016826923076923 0.8293269230769231 0.16826923076923078 0.21634615384615385
1 0.8533653846153846 0.5973557692307693 0.1658653846153846 0.25240384615384615
1 0.5108173076923077 0.20552884615384615 0.1658653846153846 0.25240384615384615
1 0.7536057692307693 0.15745192307692307 0.15865384615384615 0.18509615384615385
1 0.6923076923076923 0.13221153846153846 0.16105769230769232 0.18509615384615385
1 0.9375 0.33533653846153844 0.1201923076923077 0.21634615384615385
1 0.3557692307692308 0.3713942307692308 0.14423076923076922 0.19951923076923078
1 0.2824519230769231 0.6105769230769231 0.16826923076923078 0.19951923076923078
1 0.24278846153846154 0.8990384615384616 0.16826923076923078 0.1971153846153846
1 0.4807692307692308 0.8461538461538461 0.16826923076923078 0.19951923076923078
1 0.1502403846153846 0.7764423076923077 0.17548076923076922 0.22596153846153846
2 0.5600961538461539 0.5324519230769231 0.3485576923076923 0.42788461538461536