2 0.31971153846153844 0.375 0.23557692307692307 0.2956730769230769
1 0.21514423076923078 0.5853365384615384 0.17067307692307693 0.21153846153846154
1 0.5444711538461539 0.6213942307692307 0.14182692307692307 0.25240384615384615
1 0.4855769230769231 0.6358173076923077 0.11057692307692307 0.25
1 0.4362980769230769 0.6850961538461539 0.11057692307692307 0.25
1 0.39663461538461536 0.7223557692307693 0.11057692307692307 0.25
1 0.35096153846153844 0.7307692307692307 0.11057692307692307 0.25
1 0.7752403846153846 0.5625 0.17067307692307693 0.21153846153846154
1 0.6959134615384616 0.5372596153846154 0.17067307692307693 0.21153846153846154
1 0.8161057692307693 0.7379807692307693 0.17067307692307693 0.21153846153846154
1 0.9483173076923077 0.796875 0.0985576923076923 0.21875
1 0.9423076923076923 0.2860576923076923 0.11057692307692307 0.20192307692307693
1 0.9146634615384616 0.1778846153846154 0.1658653846153846 0.20673076923076922
1 0.6370192307692307 0.2692307692307692 0.18028846153846154 0.23076923076923078
1 0.5552884615384616 0.09615384615384616 0.18269230769230768 0.1875
1 0.6346153846153846 0.8834134615384616 0.18269230769230768 0.2283653846153846
1 0.3629807692307692 0.9038461538461539 0.17307692307692307 0.1875
1 0.18028846153846154 0.15985576923076922 0.14903846153846154 0.22596153846153846
1 0.38221153846153844 0.09375 0.14423076923076922 0.18269230769230768