1 0.6225961538461539 0.6237980769230769 0.17307692307692307 0.21153846153846154
1 0.6009615384615384 0.3485576923076923 0.17307692307692307 0.21153846153846154
1 0.6574519230769231 0.15745192307692307 0.17307692307692307 0.21153846153846154
1 0.31009615384615385 0.7379807692307693 0.17307692307692307 0.21153846153846154
1 0.17548076923076922 0.8786057692307693 0.12740384615384615 0.16826923076923078
1 0.3004807692307692 0.3762019230769231 0.15865384615384615 0.20673076923076922
1 0.18389423076923078 0.3317307692307692 0.15865384615384615 0.20673076923076922
1 0.2848557692307692 0.17908653846153846 0.16346153846153846 0.19230769230769232
1 0.8149038461538461 0.7355769230769231 0.16346153846153846 0.19230769230769232
1 0.7884615384615384 0.36538461538461536 0.19230769230769232 0.21153846153846154
1 0.9170673076923077 0.5348557692307693 0.16105769230769232 0.25721153846153844
1 0.6262019230769231 0.8894230769230769 0.16346153846153846 0.19230769230769232
1 0.6887019230769231 0.8665865384615384 0.16346153846153846 0.19230769230769232
1 0.9086538461538461 0.22235576923076922 0.16346153846153846 0.19230769230769232
2 0.11538461538461539 0.609375 0.2283653846153846 0.4423076923076923
0 0.3016826923076923 0.5276442307692307 0.057692307692307696 0.09615384615384616