1 0.8581730769230769 0.3713942307692308 0.15384615384615385 0.24759615384615385
1 0.8389423076923077 0.7596153846153846 0.15384615384615385 0.24759615384615385
1 0.6947115384615384 0.3245192307692308 0.15384615384615385 0.24759615384615385
1 0.21153846153846154 0.23076923076923078 0.17307692307692307 0.24519230769230768
1 0.6057692307692307 0.5889423076923077 0.16346153846153846 0.23076923076923078
1 0.5949519230769231 0.7848557692307693 0.16826923076923078 0.18269230769230768
1 0.09615384615384616 0.4074519230769231 0.15625 0.19230769230769232
1 0.5673076923076923 0.10817307692307693 0.1778846153846154 0.21153846153846154
1 0.7151442307692307 0.09014423076923077 0.15384615384615385 0.18028846153846154
1 0.3870192307692308 0.6322115384615384 0.1971153846153846 0.1971153846153846
1 0.46033653846153844 0.9110576923076923 0.17067307692307693 0.17307692307692307
2 0.43509615384615385 0.3473557692307692 0.3605769230769231 0.4254807692307692
0 0.09375 0.265625 0.05048076923076923 0.08173076923076923