1 0.7067307692307693 0.7536057692307693 0.15384615384615385 0.20673076923076922
1 0.29927884615384615 0.47475961538461536 0.16826923076923078 0.21153846153846154
1 0.5144230769230769 0.6826923076923077 0.12980769230769232 0.1971153846153846
1 0.5817307692307693 0.546875 0.16346153846153846 0.25240384615384615
1 0.41466346153846156 0.8088942307692307 0.1346153846153846 0.21634615384615385
1 0.7379807692307693 0.37740384615384615 0.1971153846153846 0.23076923076923078
1 0.8629807692307693 0.6682692307692307 0.1971153846153846 0.25
1 0.15865384615384615 0.59375 0.20673076923076922 0.16346153846153846
1 0.10336538461538461 0.14182692307692307 0.15865384615384615 0.1971153846153846
1 0.12259615384615384 0.9098557692307693 0.13221153846153846 0.1778846153846154
1 0.2932692307692308 0.7872596153846154 0.15625 0.23798076923076922
1 0.5865384615384616 0.9170673076923077 0.1778846153846154 0.16346153846153846
1 0.9411057692307693 0.15504807692307693 0.11298076923076923 0.24278846153846154
2 0.4387019230769231 0.21514423076923078 0.3701923076923077 0.42788461538461536