1 0.49399038461538464 0.6538461538461539 0.20432692307692307 0.15144230769230768
1 0.4519230769230769 0.3629807692307692 0.20432692307692307 0.15144230769230768
1 0.4182692307692308 0.27524038461538464 0.20432692307692307 0.15144230769230768
1 0.18389423076923078 0.34615384615384615 0.23317307692307693 0.17067307692307693
1 0.3317307692307692 0.5396634615384616 0.23317307692307693 0.17067307692307693
1 0.13221153846153846 0.6706730769230769 0.20192307692307693 0.16346153846153846
1 0.07932692307692307 0.8293269230769231 0.14423076923076922 0.18269230769230768
1 0.8317307692307693 0.7091346153846154 0.27403846153846156 0.1971153846153846
1 0.30649038461538464 0.9230769230769231 0.20432692307692307 0.15144230769230768
1 0.5504807692307693 0.12379807692307693 0.20432692307692307 0.15144230769230768
1 0.0889423076923077 0.42788461538461536 0.17307692307692307 0.13942307692307693
1 0.43149038461538464 0.8377403846153846 0.1778846153846154 0.16346153846153846
1 0.6382211538461539 0.9026442307692307 0.19230769230769232 0.16826923076923078
1 0.9242788461538461 0.8665865384615384 0.14903846153846154 0.16826923076923078
2 0.7079326923076923 0.5192307692307693 0.27403846153846156 0.25961538461538464