1 0.5252403846153846 0.6478365384615384 0.2403846153846154 0.17067307692307693
1 0.8846153846153846 0.6670673076923077 0.22596153846153846 0.16346153846153846
1 0.53125 0.4699519230769231 0.28846153846153844 0.19230769230769232
1 0.5084134615384616 0.8269230769230769 0.19951923076923078 0.16105769230769232
1 0.7199519230769231 0.7740384615384616 0.20192307692307693 0.14423076923076922
1 0.8533653846153846 0.30649038461538464 0.19230769230769232 0.15625
1 0.35336538461538464 0.17067307692307693 0.18269230769230768 0.18269230769230768
1 0.43149038461538464 0.33413461538461536 0.16346153846153846 0.13942307692307693
1 0.2932692307692308 0.3425480769230769 0.23557692307692307 0.13942307692307693
1 0.44350961538461536 0.9459134615384616 0.29086538461538464 0.10336538461538461
1 0.6346153846153846 0.23557692307692307 0.25961538461538464 0.18028846153846154
2 0.23197115384615385 0.5456730769230769 0.42788461538461536 0.33653846153846156