2 0.4026442307692308 0.09735576923076923 0.22115384615384615 0.18990384615384615
0 0.8858173076923077 0.5396634615384616 0.08173076923076923 0.09134615384615384
1 0.36538461538461536 0.4182692307692308 0.2091346153846154 0.2403846153846154
1 0.5288461538461539 0.37740384615384615 0.1778846153846154 0.21634615384615385
1 0.5348557692307693 0.16826923076923078 0.1778846153846154 0.21634615384615385
1 0.6959134615384616 0.7211538461538461 0.1778846153846154 0.21634615384615385
1 0.8161057692307693 0.7608173076923077 0.1778846153846154 0.21634615384615385
1 0.671875 0.90625 0.1658653846153846 0.18269230769230768
1 0.5841346153846154 0.9338942307692307 0.15144230769230768 0.12980769230769232
1 0.9134615384615384 0.9338942307692307 0.16826923076923078 0.12980769230769232
1 0.11778846153846154 0.2824519230769231 0.13701923076923078 0.18990384615384615
1 0.18269230769230768 0.32211538461538464 0.13701923076923078 0.18990384615384615
1 0.20793269230769232 0.453125 0.13701923076923078 0.18990384615384615
1 0.15144230769230768 0.4879807692307692 0.13701923076923078 0.18990384615384615
1 0.1201923076923077 0.5300480769230769 0.13701923076923078 0.18990384615384615
1 0.08533653846153846 0.6009615384615384 0.1658653846153846 0.20673076923076922
1 0.1346153846153846 0.9134615384615384 0.21634615384615385 0.16826923076923078
1 0.7512019230769231 0.14783653846153846 0.16826923076923078 0.20432692307692307
1 0.9326923076923077 0.28365384615384615 0.12980769230769232 0.22115384615384615
1 0.9074519230769231 0.09615384615384616 0.16346153846153846 0.1875
1 0.5769230769230769 0.6947115384615384 0.1778846153846154 0.20673076923076922
1 0.41225961538461536 0.7067307692307693 0.1201923076923077 0.18269230769230768
1 0.4182692307692308 0.8173076923076923 0.1201923076923077 0.18269230769230768
1 0.4951923076923077 0.9026442307692307 0.16826923076923078 0.19230769230769232