1 0.13341346153846154 0.6658653846153846 0.19951923076923078 0.16346153846153846
1 0.14543269230769232 0.8305288461538461 0.19951923076923078 0.16346153846153846
1 0.40024038461538464 0.6778846153846154 0.19951923076923078 0.16346153846153846
1 0.8028846153846154 0.4230769230769231 0.21875 0.1778846153846154
1 0.5997596153846154 0.31009615384615385 0.2548076923076923 0.1875
1 0.2247596153846154 0.28846153846153844 0.20673076923076922 0.14903846153846154
1 0.8377403846153846 0.7788461538461539 0.2548076923076923 0.1875
1 0.9290865384615384 0.6838942307692307 0.13701923076923078 0.16105769230769232
1 0.5420673076923077 0.8894230769230769 0.16826923076923078 0.1875
1 0.18870192307692307 0.11177884615384616 0.2644230769230769 0.18269230769230768
1 0.08653846153846154 0.4266826923076923 0.16826923076923078 0.13942307692307693
1 0.765625 0.3233173076923077 0.18990384615384615 0.18269230769230768
1 0.7860576923076923 0.609375 0.23557692307692307 0.16826923076923078
2 0.3954326923076923 0.44711538461538464 0.4375 0.3173076923076923