1 0.17067307692307693 0.8016826923076923 0.21634615384615385 0.16826923076923078
1 0.4026442307692308 0.8533653846153846 0.25240384615384615 0.1658653846153846
1 0.7944711538461539 0.5108173076923077 0.25240384615384615 0.1658653846153846
1 0.8425480769230769 0.7536057692307693 0.18509615384615385 0.15865384615384615
1 0.8677884615384616 0.6923076923076923 0.18509615384615385 0.15865384615384615
1 0.6646634615384616 0.9375 0.21634615384615385 0.12259615384615384
1 0.6286057692307693 0.3557692307692308 0.19951923076923078 0.14423076923076922
1 0.3894230769230769 0.2824519230769231 0.19951923076923078 0.16826923076923078
1 0.10096153846153846 0.24278846153846154 0.1971153846153846 0.16826923076923078
1 0.15384615384615385 0.4807692307692308 0.19951923076923078 0.16826923076923078
1 0.22355769230769232 0.1502403846153846 0.22596153846153846 0.17548076923076922
2 0.4675480769230769 0.5600961538461539 0.42788461538461536 0.3485576923076923