1 0.6009615384615384 0.8798076923076923 0.17067307692307693 0.1778846153846154
1 0.44711538461538464 0.8425480769230769 0.15865384615384615 0.23076923076923078
1 0.5661057692307693 0.4182692307692308 0.1346153846153846 0.19951923076923078
1 0.8449519230769231 0.5745192307692307 0.16826923076923078 0.2548076923076923
1 0.5060096153846154 0.078125 0.13701923076923078 0.15144230769230768
1 0.39783653846153844 0.078125 0.13701923076923078 0.15144230769230768
1 0.9326923076923077 0.2512019230769231 0.12980769230769232 0.23317307692307693
1 0.7512019230769231 0.3004807692307692 0.18269230769230768 0.21875
1 0.20552884615384615 0.9098557692307693 0.17067307692307693 0.17548076923076922
1 0.12620192307692307 0.8786057692307693 0.14182692307692307 0.19230769230769232
2 0.33413461538461536 0.5913461538461539 0.19230769230769232 0.25961538461538464
0 0.9651442307692307 0.7379807692307693 0.052884615384615384 0.08653846153846154
0 0.9807692307692307 0.6370192307692307 0.03365384615384615 0.08653846153846154
0 0.8617788461538461 0.16346153846153846 0.052884615384615384 0.08653846153846154