1 0.2692307692307692 0.6574519230769231 0.1778846153846154 0.23557692307692307
1 0.15144230769230768 0.8317307692307693 0.15625 0.23317307692307693
1 0.4074519230769231 0.7451923076923077 0.10817307692307693 0.21153846153846154
1 0.40625 0.5168269230769231 0.17548076923076922 0.23076923076923078
1 0.3762019230769231 0.3088942307692308 0.15384615384615385 0.20673076923076922
1 0.5552884615384616 0.3762019230769231 0.17307692307692307 0.21875
1 0.8882211538461539 0.14302884615384615 0.20192307692307693 0.24519230769230768
1 0.11538461538461539 0.41225961538461536 0.15865384615384615 0.21634615384615385
1 0.16346153846153846 0.2620192307692308 0.19230769230769232 0.25961538461538464
1 0.5733173076923077 0.6057692307692307 0.1658653846153846 0.21153846153846154
1 0.8149038461538461 0.8173076923076923 0.20673076923076922 0.1778846153846154
1 0.5721153846153846 0.9098557692307693 0.1778846153846154 0.1778846153846154
1 0.421875 0.9146634615384616 0.1466346153846154 0.16826923076923078
1 0.671875 0.12620192307692307 0.18509615384615385 0.24759615384615385
0 0.2548076923076923 0.29086538461538464 0.05048076923076923 0.06009615384615385
0 0.34615384615384615 0.12980769230769232 0.0673076923076923 0.08653846153846154
2 0.7800480769230769 0.4987980769230769 0.375 0.5384615384615384