1 0.5793269230769231 0.09615384615384616 0.20673076923076922 0.14182692307692307
1 0.34975961538461536 0.10697115384615384 0.21153846153846154 0.15865384615384615
1 0.11658653846153846 0.13822115384615385 0.23076923076923078 0.15144230769230768
1 0.7487980769230769 0.41225961538461536 0.21153846153846154 0.1875
1 0.6598557692307693 0.23076923076923078 0.21153846153846154 0.1875
1 0.8942307692307693 0.2692307692307692 0.20673076923076922 0.1875
1 0.7908653846153846 0.6262019230769231 0.21153846153846154 0.18990384615384615
1 0.4483173076923077 0.7620192307692307 0.21153846153846154 0.1875
1 0.23918269230769232 0.7572115384615384 0.21153846153846154 0.1875
1 0.1045673076923077 0.9122596153846154 0.20432692307692307 0.17067307692307693
1 0.6598557692307693 0.8112980769230769 0.25961538461538464 0.19951923076923078
0 0.4543269230769231 0.21033653846153846 0.07211538461538461 0.0625
2 0.24759615384615385 0.4543269230769231 0.44711538461538464 0.34134615384615385