2 0.23317307692307693 0.5144230769230769 0.23317307692307693 0.28365384615384615
0 0.7307692307692307 0.625 0.08653846153846154 0.07211538461538461
1 0.4675480769230769 0.296875 0.18269230769230768 0.23557692307692307
1 0.3942307692307692 0.19831730769230768 0.12740384615384615 0.1971153846153846
1 0.6466346153846154 0.3870192307692308 0.15384615384615385 0.1778846153846154
1 0.7572115384615384 0.3798076923076923 0.1875 0.18990384615384615
1 0.4495192307692308 0.5132211538461539 0.1875 0.22115384615384615
1 0.4182692307692308 0.6634615384615384 0.1875 0.22115384615384615
1 0.3112980769230769 0.7776442307692307 0.18990384615384615 0.22115384615384615
1 0.49399038461538464 0.8713942307692307 0.18990384615384615 0.22115384615384615
1 0.7043269230769231 0.8533653846153846 0.1875 0.22115384615384615
1 0.8822115384615384 0.31850961538461536 0.18269230769230768 0.1778846153846154
1 0.9026442307692307 0.21394230769230768 0.1875 0.18990384615384615
1 0.7403846153846154 0.1201923076923077 0.16346153846153846 0.20673076923076922
1 0.21153846153846154 0.17548076923076922 0.20432692307692307 0.2548076923076923
1 0.11538461538461539 0.2668269230769231 0.17307692307692307 0.2403846153846154
1 0.06850961538461539 0.3942307692307692 0.1346153846153846 0.2548076923076923
1 0.0625 0.5336538461538461 0.12259615384615384 0.25721153846153844
1 0.05889423076923077 0.65625 0.11538461538461539 0.21153846153846154
1 0.05889423076923077 0.7524038461538461 0.11538461538461539 0.21153846153846154
1 0.10096153846153846 0.8473557692307693 0.12740384615384615 0.21634615384615385
1 0.09014423076923077 0.9387019230769231 0.1466346153846154 0.11778846153846154
1 0.39663461538461536 0.054086538461538464 0.14423076923076922 0.10576923076923077
1 0.5 0.078125 0.13942307692307693 0.15384615384615385