1 0.5192307692307693 0.14302884615384615 0.22596153846153846 0.20192307692307693
1 0.7235576923076923 0.09254807692307693 0.20192307692307693 0.17548076923076922
1 0.4182692307692308 0.7475961538461539 0.18269230769230768 0.20432692307692307
1 0.6850961538461539 0.7175480769230769 0 0
1 0.5276442307692307 0.5060096153846154 0.22115384615384615 0.1875
1 0.12620192307692307 0.09375 0.24759615384615385 0.18269230769230768
1 0.10697115384615384 0.8713942307692307 0.19230769230769232 0.15865384615384615
1 0.17427884615384615 0.7403846153846154 0.2548076923076923 0.10817307692307693
1 0.8004807692307693 0.40024038461538464 0.24759615384615385 0.14182692307692307
0 0.8028846153846154 0.9615384615384616 0.10096153846153846 0.07451923076923077
0 0.4807692307692308 0.8533653846153846 0.10096153846153846 0.07451923076923077
2 0.15985576923076922 0.5252403846153846 0.3173076923076923 0.3798076923076923