2 0.24879807692307693 0.7524038461538461 0.1875 0.24519230769230768
1 0.6262019230769231 0.34615384615384615 0.16346153846153846 0.24519230769230768
1 0.49399038461538464 0.2800480769230769 0.16105769230769232 0.18990384615384615
1 0.5276442307692307 0.45913461538461536 0.16105769230769232 0.18990384615384615
1 0.5012019230769231 0.5096153846153846 0.16105769230769232 0.18990384615384615
1 0.09014423076923077 0.39783653846153844 0.16826923076923078 0.2548076923076923
1 0.06850961538461539 0.5072115384615384 0.1346153846153846 0.21875
1 0.18389423076923078 0.5576923076923077 0.1346153846153846 0.21875
1 0.23197115384615385 0.4963942307692308 0.1346153846153846 0.21875
1 0.29086538461538464 0.47836538461538464 0.1346153846153846 0.21875
1 0.36658653846153844 0.4338942307692308 0.1346153846153846 0.21875
1 0.11899038461538461 0.1778846153846154 0.1346153846153846 0.21875
1 0.18389423076923078 0.16346153846153846 0.1346153846153846 0.21875
1 0.3245192307692308 0.140625 0.1346153846153846 0.21875
1 0.7824519230769231 0.8882211538461539 0.1346153846153846 0.18509615384615385
1 0.9098557692307693 0.7596153846153846 0.1346153846153846 0.18509615384615385
1 0.9050480769230769 0.2512019230769231 0.1346153846153846 0.18509615384615385
1 0.8990384615384616 0.3894230769230769 0.15865384615384615 0.21153846153846154
1 0.8629807692307693 0.46274038461538464 0.15865384615384615 0.21153846153846154
1 0.8473557692307693 0.09014423076923077 0.15384615384615385 0.15865384615384615
1 0.7463942307692307 0.10576923076923077 0.15384615384615385 0.15865384615384615
1 0.7259615384615384 0.14423076923076922 0.15384615384615385 0.15865384615384615
1 0.07692307692307693 0.8076923076923077 0.14903846153846154 0.22115384615384615
1 0.4098557692307692 0.953125 0.1466346153846154 0.0889423076923077
1 0.6322115384615384 0.7463942307692307 0.1778846153846154 0.22115384615384615
1 0.6850961538461539 0.6129807692307693 0.1778846153846154 0.22115384615384615
1 0.7632211538461539 0.5769230769230769 0.1778846153846154 0.22115384615384615
0 0.7608173076923077 0.27884615384615385 0.0673076923076923 0.09615384615384616
0 0.4050480769230769 0.17067307692307693 0.052884615384615384 0.07932692307692307
1 0.9194711538461539 0.6201923076923077 0.15865384615384615 0.20673076923076922