1 0.7079326923076923 0.8413461538461539 0.17548076923076922 0.19230769230769232
1 0.47115384615384615 0.24519230769230768 0.1875 0.22115384615384615
1 0.17067307692307693 0.11778846153846154 0.1875 0.22115384615384615
1 0.07692307692307693 0.29086538461538464 0.14903846153846154 0.21634615384615385
1 0.18028846153846154 0.4387019230769231 0.1875 0.22115384615384615
1 0.8317307692307693 0.7764423076923077 0.1201923076923077 0.27403846153846156
1 0.25600961538461536 0.8882211538461539 0.1875 0.22115384615384615
1 0.28846153846153844 0.6634615384615384 0.1875 0.22115384615384615
1 0.3870192307692308 0.07932692307692307 0.18028846153846154 0.15384615384615385
1 0.8449519230769231 0.17548076923076922 0.1875 0.22115384615384615
2 0.6382211538461539 0.5288461538461539 0.3389423076923077 0.4326923076923077