1 0.5504807692307693 0.34615384615384615 0.2980769230769231 0.1201923076923077
1 0.8112980769230769 0.2956730769230769 0.21153846153846154 0.1875
1 0.5865384615384616 0.2091346153846154 0.18990384615384615 0.14903846153846154
1 0.4110576923076923 0.171875 0.20673076923076922 0.16826923076923078
1 0.23076923076923078 0.4098557692307692 0.23317307692307693 0.1778846153846154
1 0.4579326923076923 0.4831730769230769 0.20432692307692307 0.1658653846153846
1 0.5889423076923077 0.6165865384615384 0.20192307692307693 0.1875
1 0.18509615384615385 0.10576923076923077 0.25961538461538464 0.18028846153846154
1 0.7223557692307693 0.08653846153846154 0.22596153846153846 0.17067307692307693
1 0.8004807692307693 0.59375 0.23317307692307693 0.14423076923076922
1 0.8088942307692307 0.6838942307692307 0.25240384615384615 0.19230769230769232
1 0.3557692307692308 0.8605769230769231 0.21634615384615385 0.16346153846153846
1 0.23317307692307693 0.8737980769230769 0.19230769230769232 0.15144230769230768
1 0.6550480769230769 0.8161057692307693 0.18509615384615385 0.15144230769230768
2 0.23076923076923078 0.6346153846153846 0.42788461538461536 0.3485576923076923
0 0.7836538461538461 0.47716346153846156 0.0625 0.04807692307692308
0 0.04447115384615385 0.7680288461538461 0.07692307692307693 0.038461538461538464