1 0.16947115384615385 0.21634615384615385 0.21634615384615385 0.19230769230769232
1 0.5444711538461539 0.4831730769230769 0.16346153846153846 0.1778846153846154
1 0.3473557692307692 0.3894230769230769 0.21875 0.15865384615384615
1 0.6742788461538461 0.3401442307692308 0.22115384615384615 0.18269230769230768
1 0.9038461538461539 0.31971153846153844 0.1875 0.18028846153846154
1 0.11538461538461539 0.8545673076923077 0.22596153846153846 0.18990384615384615
1 0.3269230769230769 0.9122596153846154 0.1971153846153846 0.15625
1 0.8100961538461539 0.8942307692307693 0.20673076923076922 0.19471153846153846
1 0.9242788461538461 0.7620192307692307 0.14903846153846154 0.17067307692307693
1 0.9242788461538461 0.5913461538461539 0.14903846153846154 0.17067307692307693
1 0.734375 0.1310096153846154 0.21875 0.1658653846153846
1 0.26322115384615385 0.4206730769230769 0.21875 0.1658653846153846
1 0.19230769230769232 0.6526442307692307 0.1778846153846154 0.15865384615384615
1 0.7752403846153846 0.6189903846153846 0.2548076923076923 0.19471153846153846
1 0.6165865384615384 0.06370192307692307 0.20432692307692307 0.12259615384615384
1 0.6237980769230769 0.9230769230769231 0.19230769230769232 0.15144230769230768
0 0.13341346153846154 0.5240384615384616 0.10096153846153846 0.08653846153846154
0 0.47716346153846156 0.12860576923076922 0.1346153846153846 0.0985576923076923
2 0.4831730769230769 0.75 0.41346153846153844 0.3269230769230769