1 0.10817307692307693 0.27283653846153844 0.18269230769230768 0.2403846153846154
1 0.28846153846153844 0.17548076923076922 0.21634615384615385 0.24519230769230768
1 0.9254807692307693 0.7980769230769231 0.14423076923076922 0.19230769230769232
1 0.8112980769230769 0.4639423076923077 0.15865384615384615 0.19230769230769232
1 0.4182692307692308 0.49278846153846156 0.16826923076923078 0.19230769230769232
1 0.3401442307692308 0.39903846153846156 0.16105769230769232 0.21634615384615385
1 0.6346153846153846 0.7992788461538461 0.16346153846153846 0.22115384615384615
1 0.8088942307692307 0.3269230769230769 0.15865384615384615 0.25
1 0.7680288461538461 0.7379807692307693 0.14423076923076922 0.23076923076923078
2 0.5697115384615384 0.24759615384615385 0.31971153846153844 0.4254807692307692
0 0.07692307692307693 0.44350961538461536 0.06971153846153846 0.09615384615384616
0 0.8894230769230769 0.9074519230769231 0.07451923076923077 0.07211538461538461