1 0.25961538461538464 0.7776442307692307 0.16826923076923078 0.20432692307692307
1 0.19230769230769232 0.6454326923076923 0.16826923076923078 0.20432692307692307
1 0.49759615384615385 0.9254807692307693 0.17307692307692307 0.14423076923076922
1 0.4567307692307692 0.8365384615384616 0.17307692307692307 0.14903846153846154
1 0.19831730769230768 0.171875 0.16826923076923078 0.19471153846153846
1 0.8966346153846154 0.46634615384615385 0.16826923076923078 0.20673076923076922
1 0.7127403846153846 0.7391826923076923 0.16826923076923078 0.20673076923076922
1 0.12860576923076922 0.421875 0.16346153846153846 0.23076923076923078
1 0.9158653846153846 0.8353365384615384 0.1658653846153846 0.28365384615384615
2 0.5661057692307693 0.2548076923076923 0.3389423076923077 0.39903846153846156
0 0.5144230769230769 0.6838942307692307 0.0625 0.08173076923076923
0 0.3605769230769231 0.5817307692307693 0.0625 0.08173076923076923