1 0.32211538461538464 0.6790865384615384 0.17307692307692307 0.19951923076923078
1 0.1971153846153846 0.2536057692307692 0.20673076923076922 0.23076923076923078
1 0.43990384615384615 0.17548076923076922 0.15865384615384615 0.2548076923076923
1 0.9002403846153846 0.5805288461538461 0.16826923076923078 0.24519230769230768
1 0.8076923076923077 0.5300480769230769 0.18269230769230768 0.2692307692307692
1 0.6490384615384616 0.2620192307692308 0.16826923076923078 0.24759615384615385
1 0.6911057692307693 0.8028846153846154 0.19230769230769232 0.23557692307692307
1 0.5480769230769231 0.7668269230769231 0.1875 0.19230769230769232
1 0.8557692307692307 0.8798076923076923 0.21153846153846154 0.22596153846153846
1 0.3293269230769231 0.8942307692307693 0.1875 0.1971153846153846
1 0.09134615384615384 0.10576923076923077 0.1778846153846154 0.1778846153846154
1 0.8737980769230769 0.18269230769230768 0.1875 0.24759615384615385
1 0.12620192307692307 0.6442307692307693 0.15384615384615385 0.20673076923076922
1 0.05889423076923077 0.4338942307692308 0.11298076923076923 0.23798076923076922
1 0.21514423076923078 0.45913461538461536 0.24519230769230768 0.2403846153846154
2 0.5060096153846154 0.484375 0.40865384615384615 0.43990384615384615
0 0.46875 0.8762019230769231 0.0625 0.09375
0 0.7572115384615384 0.21514423076923078 0.08653846153846154 0.10096153846153846