1 0.8004807692307693 0.39302884615384615 0.20192307692307693 0.16105769230769232
1 0.8725961538461539 0.06850961538461539 0.20432692307692307 0.13221153846153846
1 0.31850961538461536 0.5408653846153846 0.16826923076923078 0.23557692307692307
1 0.6021634615384616 0.3581730769230769 0.16826923076923078 0.19471153846153846
1 0.14302884615384615 0.4651442307692308 0.18509615384615385 0.1875
1 0.12139423076923077 0.18269230769230768 0.21153846153846154 0.16346153846153846
1 0.6334134615384616 0.5576923076923077 0.22115384615384615 0.1658653846153846
1 0.5625 0.7079326923076923 0.20673076923076922 0.18269230769230768
1 0.7403846153846154 0.7463942307692307 0.21634615384615385 0.18990384615384615
1 0.33052884615384615 0.9026442307692307 0.23076923076923078 0.17307692307692307
1 0.5012019230769231 0.8918269230769231 0.23076923076923078 0.14182692307692307
1 0.9242788461538461 0.59375 0.1466346153846154 0.15865384615384615
0 0.8870192307692307 0.8377403846153846 0.08653846153846154 0.07211538461538461
0 0.6550480769230769 0.9759615384615384 0.06490384615384616 0.04326923076923077
2 0.39663461538461536 0.13221153846153846 0.40865384615384615 0.25961538461538464
0 0.057692307692307696 0.03485576923076923 0.06009615384615385 0.057692307692307696