1 0.8185096153846154 0.41947115384615385 0.15144230769230768 0.1971153846153846
1 0.9471153846153846 0.421875 0.10096153846153846 0.2403846153846154
1 0.5769230769230769 0.4483173076923077 0.1971153846153846 0.23076923076923078
1 0.23798076923076922 0.8161057692307693 0.16346153846153846 0.1875
1 0.0829326923076923 0.8545673076923077 0.16346153846153846 0.22596153846153846
1 0.22235576923076922 0.5733173076923077 0.16346153846153846 0.22596153846153846
1 0.10336538461538461 0.3137019230769231 0.20192307692307693 0.23798076923076922
1 0.20673076923076922 0.11899038461538461 0.16346153846153846 0.22596153846153846
1 0.36538461538461536 0.41225961538461536 0.16346153846153846 0.22596153846153846
1 0.6514423076923077 0.8040865384615384 0.16826923076923078 0.28846153846153844
1 0.8197115384615384 0.7379807692307693 0.15865384615384615 0.21634615384615385
1 0.8052884615384616 0.5252403846153846 0.15865384615384615 0.21634615384615385
1 0.7199519230769231 0.13221153846153846 0.1201923076923077 0.18990384615384615
1 0.4338942307692308 0.19591346153846154 0.14423076923076922 0.1971153846153846
1 0.3581730769230769 0.05889423076923077 0.17067307692307693 0.11538461538461539
1 0.8725961538461539 0.23317307692307693 0.14423076923076922 0.1971153846153846
1 0.8064903846153846 0.8689903846153846 0.18028846153846154 0.19230769230769232
2 0.44591346153846156 0.8653846153846154 0.3389423076923077 0.2644230769230769