1 0.6177884615384616 0.7475961538461539 0.14423076923076922 0.21634615384615385
1 0.9278846153846154 0.6478365384615384 0.14182692307692307 0.21634615384615385
1 0.7704326923076923 0.8713942307692307 0.2091346153846154 0.25240384615384615
1 0.6189903846153846 0.5228365384615384 0.15144230769230768 0.2403846153846154
1 0.6021634615384616 0.08052884615384616 0.15384615384615385 0.15625
1 0.7439903846153846 0.20673076923076922 0.19471153846153846 0.23557692307692307
1 0.1935096153846154 0.6129807692307693 0.15384615384615385 0.21153846153846154
1 0.09495192307692307 0.46153846153846156 0.18509615384615385 0.2548076923076923
1 0.33653846153846156 0.47475961538461536 0.15865384615384615 0.21153846153846154
1 0.42427884615384615 0.10817307692307693 0.19471153846153846 0.21153846153846154
1 0.36778846153846156 0.7896634615384616 0.1778846153846154 0.22596153846153846
0 0.17067307692307693 0.7932692307692307 0.057692307692307696 0.08173076923076923
2 0.17067307692307693 0.18028846153846154 0.33653846153846156 0.3557692307692308