1 0.4326923076923077 0.734375 0.24759615384615385 0.1875
1 0.41466346153846156 0.5516826923076923 0.22596153846153846 0.1778846153846154
1 0.8942307692307693 0.6358173076923077 0.20673076923076922 0.15144230769230768
1 0.6802884615384616 0.8161057692307693 0.24519230769230768 0.19471153846153846
1 0.5769230769230769 0.8677884615384616 0.22115384615384615 0.15144230769230768
1 0.17908653846153846 0.8882211538461539 0.25 0.16105769230769232
1 0.4254807692307692 0.36899038461538464 0.19951923076923078 0.16105769230769232
1 0.49278846153846156 0.19471153846153846 0.23557692307692307 0.18269230769230768
1 0.19471153846153846 0.3449519230769231 0.23557692307692307 0.18269230769230768
1 0.14302884615384615 0.7091346153846154 0.23557692307692307 0.18269230769230768
1 0.3125 0.05889423076923077 0.23557692307692307 0.11298076923076923
1 0.3701923076923077 0.21153846153846154 0.20673076923076922 0.1875
1 0.2247596153846154 0.42427884615384615 0.1875 0.1875
1 0.9050480769230769 0.25841346153846156 0.18509615384615385 0.1875
2 0.7091346153846154 0.4338942307692308 0.43990384615384615 0.3269230769230769