1 0.6850961538461539 0.7055288461538461 0.21634615384615385 0.14903846153846154
1 0.8918269230769231 0.7932692307692307 0.20432692307692307 0.15144230769230768
1 0.9026442307692307 0.5348557692307693 0.19230769230769232 0.1466346153846154
1 0.8798076923076923 0.34375 0.19230769230769232 0.1466346153846154
1 0.6838942307692307 0.07451923076923077 0.17548076923076922 0.12980769230769232
1 0.24879807692307693 0.09254807692307693 0.1971153846153846 0.16346153846153846
1 0.3161057692307692 0.6189903846153846 0.1971153846153846 0.16346153846153846
1 0.12620192307692307 0.8317307692307693 0.1971153846153846 0.16346153846153846
1 0.6322115384615384 0.3870192307692308 0.20192307692307693 0.19471153846153846
1 0.1875 0.609375 0.1778846153846154 0.15625
1 0.46634615384615385 0.7175480769230769 0.2668269230769231 0.1875
2 0.34134615384615385 0.4074519230769231 0.3798076923076923 0.2956730769230769