1 0.49158653846153844 0.10096153846153846 0.21634615384615385 0.13942307692307693
1 0.3245192307692308 0.5757211538461539 0.1971153846153846 0.17067307692307693
1 0.4951923076923077 0.8341346153846154 0.19230769230769232 0.1778846153846154
1 0.25961538461538464 0.8509615384615384 0.21875 0.1778846153846154
1 0.7199519230769231 0.6778846153846154 0.21875 0.1778846153846154
1 0.7872596153846154 0.24879807692307693 0.19230769230769232 0.14903846153846154
1 0.09615384615384616 0.33052884615384615 0.19230769230769232 0.14903846153846154
1 0.14182692307692307 0.6947115384615384 0.19230769230769232 0.14903846153846154
1 0.8725961538461539 0.4387019230769231 0.19230769230769232 0.14903846153846154
1 0.38341346153846156 0.5841346153846154 0.1971153846153846 0.17067307692307693
1 0.46634615384615385 0.13341346153846154 0.21634615384615385 0.13942307692307693
2 0.4855769230769231 0.38221153846153844 0.4423076923076923 0.39663461538461536
0 0.20552884615384615 0.2247596153846154 0.09375 0.06971153846153846