1 0.8185096153846154 0.453125 0.15384615384615385 0.21153846153846154
1 0.6322115384615384 0.23677884615384615 0.15384615384615385 0.21153846153846154
1 0.7716346153846154 0.28365384615384615 0.14903846153846154 0.15865384615384615
1 0.6610576923076923 0.5228365384615384 0.17307692307692307 0.22596153846153846
1 0.5408653846153846 0.3942307692307692 0.19951923076923078 0.23076923076923078
1 0.2403846153846154 0.8581730769230769 0.17548076923076922 0.19230769230769232
1 0.12620192307692307 0.9098557692307693 0.15625 0.1778846153846154
1 0.24759615384615385 0.6430288461538461 0.20432692307692307 0.21875
1 0.14783653846153846 0.3713942307692308 0.15865384615384615 0.21875
1 0.8810096153846154 0.17548076923076922 0.22115384615384615 0.21875
1 0.37259615384615385 0.4567307692307692 0.15865384615384615 0.24759615384615385
2 0.6394230769230769 0.8052884615384616 0.375 0.38461538461538464
0 0.7199519230769231 0.15264423076923078 0.052884615384615384 0.0673076923076923