1 0.09495192307692307 0.8521634615384616 0.17067307692307693 0.22115384615384615
1 0.2403846153846154 0.8161057692307693 0.17067307692307693 0.22115384615384615
1 0.7223557692307693 0.8605769230769231 0.14423076923076922 0.21634615384615385
1 0.42427884615384615 0.7091346153846154 0.1875 0.25240384615384615
1 0.34615384615384615 0.5348557692307693 0.1875 0.25240384615384615
1 0.30408653846153844 0.11899038461538461 0.17307692307692307 0.23317307692307693
1 0.18389423076923078 0.5180288461538461 0.15384615384615385 0.20192307692307693
1 0.8425480769230769 0.3088942307692308 0.16826923076923078 0.23076923076923078
1 0.8161057692307693 0.7079326923076923 0.19230769230769232 0.20673076923076922
1 0.5961538461538461 0.6802884615384616 0.16346153846153846 0.1971153846153846
1 0.5805288461538461 0.8990384615384616 0.1658653846153846 0.1971153846153846
1 0.7403846153846154 0.16947115384615385 0.16346153846153846 0.23076923076923078
1 0.6225961538461539 0.09735576923076923 0.15384615384615385 0.18990384615384615
0 0.16466346153846154 0.35336538461538464 0.052884615384615384 0.09375
0 0.28966346153846156 0.34615384615384615 0.08653846153846154 0.10817307692307693
0 0.7932692307692307 0.47836538461538464 0.0625 0.09375
0 0.7920673076923077 0.39903846153846156 0.057692307692307696 0.07211538461538461
2 0.546875 0.3389423076923077 0.3317307692307692 0.40625