2 0.7716346153846154 0.3473557692307692 0.22115384615384615 0.2548076923076923
2 0.11177884615384616 0.8161057692307693 0.22115384615384615 0.36538461538461536
0 0.6971153846153846 0.19951923076923078 0.052884615384615384 0.08173076923076923
0 0.8786057692307693 0.9579326923076923 0.055288461538461536 0.07932692307692307
1 0.8737980769230769 0.7896634615384616 0.1971153846153846 0.20432692307692307
1 0.7331730769230769 0.8209134615384616 0.1971153846153846 0.20432692307692307
1 0.7668269230769231 0.5661057692307693 0.1971153846153846 0.20432692307692307
1 0.8521634615384616 0.5348557692307693 0.1971153846153846 0.20432692307692307
1 0.3269230769230769 0.6983173076923077 0.1971153846153846 0.20432692307692307
1 0.3605769230769231 0.46634615384615385 0.1971153846153846 0.20432692307692307
1 0.4387019230769231 0.19831730769230768 0.1971153846153846 0.20432692307692307
1 0.27524038461538464 0.28365384615384615 0.1466346153846154 0.21634615384615385
1 0.9206730769230769 0.109375 0.1466346153846154 0.21634615384615385
1 0.9387019230769231 0.3088942307692308 0.1201923076923077 0.21634615384615385
1 0.06129807692307692 0.2247596153846154 0.11778846153846154 0.24759615384615385
1 0.11778846153846154 0.3870192307692308 0.18269230769230768 0.24759615384615385