2 0.5817307692307693 0.7055288461538461 0.28125 0.2548076923076923
1 0.2956730769230769 0.5192307692307693 0.23317307692307693 0.19471153846153846
1 0.4411057692307692 0.8533653846153846 0.1971153846153846 0.14423076923076922
1 0.265625 0.8774038461538461 0.21634615384615385 0.2091346153846154
1 0.8257211538461539 0.6165865384615384 0.21153846153846154 0.15865384615384615
1 0.8509615384615384 0.7331730769230769 0.21153846153846154 0.15865384615384615
1 0.8473557692307693 0.7908653846153846 0.21153846153846154 0.15865384615384615
1 0.8473557692307693 0.8978365384615384 0.21153846153846154 0.15865384615384615
1 0.7487980769230769 0.4362980769230769 0.21153846153846154 0.15865384615384615
1 0.7379807692307693 0.2692307692307692 0.21153846153846154 0.15865384615384615
1 0.515625 0.16346153846153846 0.21153846153846154 0.15865384615384615
1 0.11778846153846154 0.16947115384615385 0.22596153846153846 0.18028846153846154
1 0.09975961538461539 0.34975961538461536 0.1971153846153846 0.18269230769230768
1 0.09975961538461539 0.7355769230769231 0.1971153846153846 0.18269230769230768
1 0.25961538461538464 0.7043269230769231 0.1971153846153846 0.18269230769230768
0 0.0829326923076923 0.9639423076923077 0.08653846153846154 0.0673076923076923
0 0.6430288461538461 0.11658653846153846 0.06490384615384616 0.055288461538461536
1 0.4723557692307692 0.3137019230769231 0.23317307692307693 0.19471153846153846
1 0.90625 0.17067307692307693 0.18269230769230768 0.13942307692307693