1 0.09615384615384616 0.8401442307692307 0.18028846153846154 0.20432692307692307
1 0.14903846153846154 0.6298076923076923 0.2091346153846154 0.28846153846153844
1 0.1502403846153846 0.45913461538461536 0.1778846153846154 0.19471153846153846
1 0.2692307692307692 0.4855769230769231 0.10576923076923077 0.2692307692307692
1 0.09975961538461539 0.0829326923076923 0.12980769230769232 0.16346153846153846
1 0.48677884615384615 0.21153846153846154 0.16105769230769232 0.23076923076923078
1 0.6658653846153846 0.1201923076923077 0.13701923076923078 0.1778846153846154
1 0.34975961538461536 0.3076923076923077 0.17067307692307693 0.18269230769230768
1 0.39663461538461536 0.5649038461538461 0.1875 0.18269230769230768
1 0.3401442307692308 0.78125 0.18028846153846154 0.23798076923076922
1 0.45072115384615385 0.7848557692307693 0.18028846153846154 0.23798076923076922
1 0.6466346153846154 0.7596153846153846 0.18028846153846154 0.2644230769230769
1 0.20673076923076922 0.2247596153846154 0.1201923076923077 0.2764423076923077
1 0.08533653846153846 0.2776442307692308 0.16105769230769232 0.18990384615384615
1 0.28125 0.12139423076923077 0.15384615384615385 0.23076923076923078
1 0.9242788461538461 0.49038461538461536 0.1466346153846154 0.28846153846153844
1 0.8088942307692307 0.9362980769230769 0.18990384615384615 0.12259615384615384
0 0.75 0.7704326923076923 0.0625 0.09615384615384616
2 0.6586538461538461 0.47596153846153844 0.3581730769230769 0.4182692307692308