1 0.44711538461538464 0.11298076923076923 0.16346153846153846 0.18990384615384615
1 0.8870192307692307 0.5733173076923077 0.18269230769230768 0.25961538461538464
1 0.8365384615384616 0.8233173076923077 0.13942307692307693 0.23798076923076922
1 0.9302884615384616 0.8641826923076923 0.13701923076923078 0.23798076923076922
1 0.6526442307692307 0.4266826923076923 0.1658653846153846 0.19951923076923078
1 0.3112980769230769 0.38100961538461536 0.1658653846153846 0.19951923076923078
1 0.13701923076923078 0.7596153846153846 0.16105769230769232 0.21634615384615385
1 0.5336538461538461 0.5228365384615384 0.15144230769230768 0.1971153846153846
1 0.8329326923076923 0.15985576923076922 0.14903846153846154 0.21634615384615385
2 0.33774038461538464 0.6766826923076923 0.3125 0.4182692307692308
0 0.027644230769230768 0.3088942307692308 0.05048076923076923 0.06971153846153846
0 0.09254807692307693 0.9158653846153846 0.052884615384615384 0.08653846153846154