1 0.7199519230769231 0.7487980769230769 0.2644230769230769 0.17067307692307693
1 0.42788461538461536 0.28125 0.22115384615384615 0.18269230769230768
1 0.25600961538461536 0.20673076923076922 0.23076923076923078 0.14423076923076922
1 0.3004807692307692 0.4050480769230769 0.23798076923076922 0.18028846153846154
1 0.6899038461538461 0.10817307692307693 0.23317307692307693 0.14423076923076922
1 0.7463942307692307 0.8954326923076923 0.21634615384615385 0.1346153846153846
1 0.3389423076923077 0.7403846153846154 0.21634615384615385 0.16105769230769232
1 0.5144230769230769 0.8449519230769231 0.19230769230769232 0.20673076923076922
1 0.0673076923076923 0.5600961538461539 0.12980769230769232 0.17307692307692307
1 0.8401442307692307 0.3293269230769231 0.24759615384615385 0.2091346153846154
0 0.44471153846153844 0.6153846153846154 0.08173076923076923 0.0673076923076923
0 0.9326923076923077 0.17307692307692307 0.07211538461538461 0.0625
2 0.7007211538461539 0.5661057692307693 0.33653846153846156 0.2668269230769231