1 0.6442307692307693 0.09735576923076923 0.21634615384615385 0.17067307692307693
1 0.8918269230769231 0.5168269230769231 0.21153846153846154 0.17067307692307693
1 0.8004807692307693 0.7259615384615384 0.23317307692307693 0.1778846153846154
1 0.4338942307692308 0.9278846153846154 0.2283653846153846 0.13942307692307693
1 0.4098557692307692 0.7668269230769231 0.20432692307692307 0.15384615384615385
1 0.5552884615384616 0.49278846153846156 0.21875 0.16826923076923078
1 0.37740384615384615 0.4963942307692308 0.2548076923076923 0.16826923076923078
1 0.24278846153846154 0.4098557692307692 0.18990384615384615 0.18269230769230768
1 0.11057692307692307 0.5396634615384616 0.21634615384615385 0.18990384615384615
1 0.5276442307692307 0.2824519230769231 0.28846153846153844 0.21634615384615385
1 0.6189903846153846 0.8197115384615384 0.24519230769230768 0.21153846153846154
1 0.7319711538461539 0.4182692307692308 0.21634615384615385 0.17067307692307693
2 0.1466346153846154 0.7752403846153846 0.28846153846153844 0.3389423076923077