1 0.5384615384615384 0.8533653846153846 0.2548076923076923 0.17307692307692307
1 0.25721153846153844 0.8641826923076923 0.21153846153846154 0.17548076923076922
1 0.1935096153846154 0.7572115384615384 0.19951923076923078 0.1466346153846154
1 0.38341346153846156 0.33653846153846156 0.19951923076923078 0.1466346153846154
1 0.6971153846153846 0.6502403846153846 0.18509615384615385 0.18269230769230768
1 0.90625 0.84375 0.18269230769230768 0.18269230769230768
1 0.23076923076923078 0.09254807692307693 0.20192307692307693 0.18028846153846154
1 0.5432692307692307 0.5192307692307693 0.2403846153846154 0.20192307692307693
1 0.8209134615384616 0.43990384615384615 0.22115384615384615 0.16346153846153846
1 0.4387019230769231 0.10216346153846154 0.21875 0.18269230769230768
2 0.13701923076923078 0.5625 0.2692307692307692 0.33413461538461536