1 0.8798076923076923 0.39903846153846156 0.1778846153846154 0.17067307692307693
1 0.8425480769230769 0.5528846153846154 0.23076923076923078 0.15865384615384615
1 0.4182692307692308 0.4338942307692308 0.19951923076923078 0.1346153846153846
1 0.5745192307692307 0.15504807692307693 0.2548076923076923 0.16826923076923078
1 0.078125 0.49399038461538464 0.15144230769230768 0.13701923076923078
1 0.078125 0.6021634615384616 0.15144230769230768 0.13701923076923078
1 0.2512019230769231 0.0673076923076923 0.23317307692307693 0.12980769230769232
1 0.3004807692307692 0.24879807692307693 0.21875 0.18269230769230768
1 0.9098557692307693 0.7944711538461539 0.17548076923076922 0.17067307692307693
1 0.8786057692307693 0.8737980769230769 0.19230769230769232 0.13942307692307693
2 0.5913461538461539 0.6658653846153846 0.25961538461538464 0.19230769230769232
0 0.7379807692307693 0.03485576923076923 0.08653846153846154 0.052884615384615384
0 0.6370192307692307 0.019230769230769232 0.08653846153846154 0.03365384615384615
0 0.16346153846153846 0.13822115384615385 0.08653846153846154 0.052884615384615384