1 0.7716346153846154 0.8004807692307693 0.21634615384615385 0.16346153846153846
1 0.6538461538461539 0.7007211538461539 0.23076923076923078 0.17067307692307693
1 0.7319711538461539 0.5384615384615384 0.22596153846153846 0.18269230769230768
1 0.8978365384615384 0.5396634615384616 0.19951923076923078 0.18509615384615385
1 0.8257211538461539 0.3425480769230769 0.23076923076923078 0.1875
1 0.48677884615384615 0.19591346153846154 0.23076923076923078 0.1875
1 0.5865384615384616 0.38461538461538464 0.24759615384615385 0.1971153846153846
1 0.48677884615384615 0.8737980769230769 0.21634615384615385 0.17307692307692307
1 0.27163461538461536 0.8449519230769231 0.20673076923076922 0.17548076923076922
1 0.08653846153846154 0.8052884615384616 0.16826923076923078 0.16826923076923078
1 0.29447115384615385 0.2800480769230769 0.18990384615384615 0.14423076923076922
1 0.2764423076923077 0.18269230769230768 0.18990384615384615 0.14423076923076922
1 0.09735576923076923 0.0733173076923077 0.18990384615384615 0.14182692307692307
1 0.09134615384615384 0.21995192307692307 0.1778846153846154 0.14423076923076922
1 0.7992788461538461 0.08413461538461539 0.23557692307692307 0.16826923076923078
1 0.7247596153846154 0.2283653846153846 0.25 0.1971153846153846
2 0.21514423076923078 0.5757211538461539 0.38461538461538464 0.4014423076923077