1 0.8774038461538461 0.28966346153846156 0.2403846153846154 0.18028846153846154
1 0.3161057692307692 0.6971153846153846 0.2403846153846154 0.18028846153846154
1 0.3161057692307692 0.5324519230769231 0.2403846153846154 0.18028846153846154
1 0.18028846153846154 0.3713942307692308 0.24519230769230768 0.2091346153846154
1 0.2776442307692308 0.19951923076923078 0.23557692307692307 0.1466346153846154
1 0.7367788461538461 0.8533653846153846 0.20192307692307693 0.17548076923076922
1 0.9278846153846154 0.4699519230769231 0.13942307692307693 0.14423076923076922
1 0.6286057692307693 0.28966346153846156 0.2403846153846154 0.18028846153846154
1 0.5456730769230769 0.9423076923076923 0.23798076923076922 0.11298076923076923
0 0.08052884615384616 0.8798076923076923 0.12740384615384615 0.10576923076923077
0 0.10697115384615384 0.6574519230769231 0.08653846153846154 0.0625
0 0.5817307692307693 0.8401442307692307 0.11298076923076923 0.07211538461538461
0 0.6983173076923077 0.025240384615384616 0.10336538461538461 0.04567307692307692
2 0.7319711538461539 0.625 0.4230769230769231 0.3125