2 0.2776442307692308 0.36778846153846156 0.3870192307692308 0.3389423076923077
1 0.3004807692307692 0.5793269230769231 0.21153846153846154 0.16826923076923078
1 0.3954326923076923 0.6634615384615384 0.18269230769230768 0.14423076923076922
1 0.5336538461538461 0.8737980769230769 0.19230769230769232 0.17307692307692307
1 0.6430288461538461 0.7572115384615384 0.25240384615384615 0.21153846153846154
1 0.15504807692307693 0.8822115384615384 0.2548076923076923 0.15865384615384615
1 0.09254807692307693 0.7319711538461539 0.18269230769230768 0.16105769230769232
1 0.38100961538461536 0.0625 0.23798076923076922 0.1201923076923077
1 0.5408653846153846 0.15985576923076922 0.2403846153846154 0.17307692307692307
1 0.6887019230769231 0.5769230769230769 0.19230769230769232 0.17307692307692307
1 0.8341346153846154 0.6634615384615384 0.21153846153846154 0.1875
1 0.8137019230769231 0.06850961538461539 0.18269230769230768 0.13221153846153846
1 0.9110576923076923 0.18269230769230768 0.17307692307692307 0.21153846153846154
1 0.8978365384615384 0.8665865384615384 0.19230769230769232 0.125
1 0.28846153846153844 0.1622596153846154 0.30288461538461536 0.14903846153846154
1 0.6466346153846154 0.4266826923076923 0.2403846153846154 0.1875
0 0.5901442307692307 0.5504807692307693 0.06490384615384616 0.055288461538461536