1 0.5841346153846154 0.8629807692307693 0.18269230769230768 0.18990384615384615
1 0.14903846153846154 0.7007211538461539 0.19230769230769232 0.21153846153846154
1 0.1466346153846154 0.4807692307692308 0.16826923076923078 0.19230769230769232
1 0.25961538461538464 0.4807692307692308 0.18269230769230768 0.2644230769230769
1 0.4074519230769231 0.43990384615384615 0.08173076923076923 0.27884615384615385
1 0.4567307692307692 0.3293269230769231 0.15625 0.22115384615384615
1 0.15264423076923078 0.15985576923076922 0.16346153846153846 0.22596153846153846
1 0.6057692307692307 0.6502403846153846 0.23317307692307693 0.19230769230769232
1 0.8762019230769231 0.5901442307692307 0.16346153846153846 0.25240384615384615
1 0.40024038461538464 0.07932692307692307 0.19951923076923078 0.15384615384615385
1 0.296875 0.21875 0.1346153846153846 0.23798076923076922
1 0.2764423076923077 0.8629807692307693 0.18269230769230768 0.21875
2 0.7235576923076923 0.36177884615384615 0.5288461538461539 0.5240384615384616