1 0.17668269230769232 0.8197115384615384 0.1875 0.17307692307692307
1 0.21754807692307693 0.6742788461538461 0.20673076923076922 0.1778846153846154
1 0.5673076923076923 0.5552884615384616 0.20673076923076922 0.1778846153846154
1 0.5901442307692307 0.8245192307692307 0.18509615384615385 0.15865384615384615
1 0.43509615384615385 0.9278846153846154 0.25 0.13942307692307693
1 0.4651442307692308 0.7223557692307693 0.2403846153846154 0.1778846153846154
1 0.8317307692307693 0.15504807692307693 0.20673076923076922 0.1778846153846154
1 0.10096153846153846 0.21634615384615385 0.1971153846153846 0.16826923076923078
1 0.8449519230769231 0.4855769230769231 0.22115384615384615 0.19230769230769232
1 0.8413461538461539 0.7536057692307693 0.2668269230769231 0.19471153846153846
2 0.3605769230769231 0.29447115384615385 0.4567307692307692 0.3605769230769231
0 0.3161057692307692 0.5528846153846154 0.06490384615384616 0.055288461538461536