1 0.31971153846153844 0.2692307692307692 0.1971153846153846 0.27403846153846156
1 0.24519230769230768 0.6598557692307693 0.19230769230769232 0.20673076923076922
1 0.7608173076923077 0.46274038461538464 0.18269230769230768 0.19951923076923078
1 0.45913461538461536 0.49759615384615385 0.1658653846153846 0.1875
1 0.3870192307692308 0.07451923076923077 0.19951923076923078 0.14423076923076922
1 0.7824519230769231 0.22355769230769232 0.15865384615384615 0.21153846153846154
1 0.08413461538461539 0.15504807692307693 0.16346153846153846 0.21875
1 0.16826923076923078 0.33533653846153844 0.15384615384615385 0.2548076923076923
1 0.09975961538461539 0.9266826923076923 0.1466346153846154 0.14182692307692307
1 0.6598557692307693 0.11057692307692307 0.13942307692307693 0.20673076923076922
0 0.8245192307692307 0.890625 0.07692307692307693 0.09134615384615384
2 0.47716346153846156 0.7776442307692307 0.3918269230769231 0.4423076923076923