1 0.8353365384615384 0.9014423076923077 0.17067307692307693 0.18990384615384615
1 0.6262019230769231 0.4651442307692308 0.16826923076923078 0.2403846153846154
1 0.8377403846153846 0.14302884615384615 0.12980769230769232 0.2283653846153846
1 0.9230769230769231 0.7175480769230769 0.12980769230769232 0.2283653846153846
1 0.6826923076923077 0.14423076923076922 0.16826923076923078 0.2403846153846154
1 0.625 0.8990384615384616 0.1658653846153846 0.1971153846153846
1 0.18509615384615385 0.7211538461538461 0.1971153846153846 0.23798076923076922
1 0.4855769230769231 0.8365384615384616 0.1778846153846154 0.21153846153846154
1 0.10336538461538461 0.48197115384615385 0.19230769230769232 0.21153846153846154
1 0.7151442307692307 0.53125 0.17067307692307693 0.25
1 0.7127403846153846 0.3425480769230769 0.15144230769230768 0.21634615384615385
2 0.17668269230769232 0.15504807692307693 0.35096153846153844 0.3076923076923077
0 0.8317307692307693 0.578125 0.07211538461538461 0.08653846153846154