1 0.8870192307692307 0.8822115384615384 0.22115384615384615 0.17307692307692307
1 0.7451923076923077 0.6947115384615384 0.22115384615384615 0.17307692307692307
1 0.2091346153846154 0.921875 0.21153846153846154 0.15384615384615385
1 0.5 0.5216346153846154 0.21634615384615385 0.15865384615384615
1 0.7379807692307693 0.3473557692307692 0.21634615384615385 0.15865384615384615
1 0.6189903846153846 0.08173076923076923 0.21875 0.15865384615384615
1 0.41466346153846156 0.1466346153846154 0.21634615384615385 0.16105769230769232
1 0.4338942307692308 0.28725961538461536 0.17548076923076922 0.13701923076923078
1 0.06971153846153846 0.24278846153846154 0.1346153846153846 0.13942307692307693
1 0.6790865384615384 0.9014423076923077 0.21634615384615385 0.16105769230769232
1 0.390625 0.7992788461538461 0.25240384615384615 0.14903846153846154
2 0.15144230769230768 0.6802884615384616 0.2644230769230769 0.21153846153846154