1 0.31490384615384615 0.5793269230769231 0.2620192307692308 0.20673076923076922
1 0.38341346153846156 0.18870192307692307 0.1778846153846154 0.12980769230769232
1 0.3016826923076923 0.3317307692307692 0.1875 0.1658653846153846
1 0.5997596153846154 0.3125 0.16826923076923078 0.14903846153846154
1 0.5372596153846154 0.4807692307692308 0.18269230769230768 0.17307692307692307
1 0.7451923076923077 0.6418269230769231 0.19230769230769232 0.14423076923076922
1 0.7848557692307693 0.8161057692307693 0.23076923076923078 0.16826923076923078
1 0.8545673076923077 0.46153846153846156 0.21153846153846154 0.18269230769230768
1 0.78125 0.20552884615384615 0.22596153846153846 0.1778846153846154
1 0.3233173076923077 0.8004807692307693 0.19230769230769232 0.15625
1 0.5348557692307693 0.8533653846153846 0.2403846153846154 0.16826923076923078
1 0.12379807692307693 0.4387019230769231 0.22115384615384615 0.17067307692307693
2 0.16706730769230768 0.1875 0.3293269230769231 0.3701923076923077