1 0.6911057692307693 0.12139423076923077 0.22596153846153846 0.16826923076923078
1 0.36538461538461536 0.7247596153846154 0.22115384615384615 0.19230769230769232
1 0.11177884615384616 0.7379807692307693 0.22115384615384615 0.19230769230769232
1 0.8882211538461539 0.9182692307692307 0.21875 0.15384615384615385
1 0.5805288461538461 0.6057692307692307 0.1971153846153846 0.14423076923076922
1 0.7451923076923077 0.7896634615384616 0.20673076923076922 0.16826923076923078
1 0.421875 0.23798076923076922 0.20673076923076922 0.16826923076923078
1 0.39302884615384615 0.1502403846153846 0.21875 0.1875
1 0.7596153846153846 0.3245192307692308 0.21875 0.16346153846153846
1 0.5673076923076923 0.6754807692307693 0.1778846153846154 0.13701923076923078
2 0.11177884615384616 0.28846153846153844 0.22115384615384615 0.2620192307692308
2 0.3004807692307692 0.4567307692307692 0.5048076923076923 0.35096153846153844