1 0.13341346153846154 0.33413461538461536 0.19951923076923078 0.16346153846153846
1 0.14543269230769232 0.16947115384615385 0.19951923076923078 0.16346153846153846
1 0.40024038461538464 0.32211538461538464 0.19951923076923078 0.16346153846153846
1 0.8028846153846154 0.5769230769230769 0.21875 0.1778846153846154
1 0.5997596153846154 0.6899038461538461 0.2548076923076923 0.1875
1 0.2247596153846154 0.7115384615384616 0.20673076923076922 0.14903846153846154
1 0.8377403846153846 0.22115384615384615 0.2548076923076923 0.1875
1 0.9290865384615384 0.3161057692307692 0.13701923076923078 0.15865384615384615
1 0.5420673076923077 0.11057692307692307 0.16826923076923078 0.1875
1 0.18870192307692307 0.8882211538461539 0.2644230769230769 0.18269230769230768
1 0.08653846153846154 0.5733173076923077 0.16826923076923078 0.13942307692307693
1 0.765625 0.6766826923076923 0.18990384615384615 0.18509615384615385
1 0.7860576923076923 0.390625 0.23557692307692307 0.16826923076923078
2 0.3954326923076923 0.5528846153846154 0.4375 0.3173076923076923