1 0.7764423076923077 0.2764423076923077 0.21153846153846154 0.17548076923076922
1 0.765625 0.46153846153846156 0.21153846153846154 0.12980769230769232
1 0.08413461538461539 0.515625 0.16346153846153846 0.15144230769230768
1 0.5 0.5564903846153846 0.22115384615384615 0.13942307692307693
1 0.7884615384615384 0.5817307692307693 0.18990384615384615 0.11778846153846154
1 0.35216346153846156 0.1622596153846154 0.23317307692307693 0.15625
1 0.17067307692307693 0.22716346153846154 0.1778846153846154 0.14423076923076922
1 0.08052884615384616 0.08413461538461539 0.15865384615384615 0.15384615384615385
1 0.054086538461538464 0.30408653846153844 0.10336538461538461 0.15625
1 0.3004807692307692 0.43509615384615385 0.1778846153846154 0.14423076923076922
1 0.3557692307692308 0.34975961538461536 0.21634615384615385 0.14903846153846154
1 0.10216346153846154 0.9182692307692307 0.19951923076923078 0.15384615384615385
1 0.3329326923076923 0.9471153846153846 0.2403846153846154 0.10096153846153846
2 0.23557692307692307 0.7259615384615384 0.4182692307692308 0.35096153846153844
0 0.6526442307692307 0.2620192307692308 0.08173076923076923 0.0625
0 0.42908653846153844 0.056490384615384616 0.08173076923076923 0.07692307692307693