1 0.055288461538461536 0.3173076923076923 0.10817307692307693 0.21634615384615385
1 0.38461538461538464 0.15264423076923078 0.19951923076923078 0.21634615384615385
1 0.234375 0.42788461538461536 0.15384615384615385 0.21875
1 0.8870192307692307 0.5108173076923077 0.16346153846153846 0.24278846153846154
1 0.6334134615384616 0.08173076923076923 0.14903846153846154 0.16346153846153846
1 0.19591346153846154 0.08533653846153846 0.17067307692307693 0.1658653846153846
1 0.07211538461538461 0.8918269230769231 0.14182692307692307 0.21153846153846154
1 0.7139423076923077 0.4951923076923077 0.16346153846153846 0.21634615384615385
1 0.3954326923076923 0.38341346153846156 0.19951923076923078 0.22596153846153846
1 0.5612980769230769 0.23798076923076922 0.18269230769230768 0.21634615384615385
1 0.21514423076923078 0.5841346153846154 0.125 0.15384615384615385
2 0.5024038461538461 0.6634615384615384 0.3605769230769231 0.46153846153846156