1 0.10096153846153846 0.5084134615384616 0.13942307692307693 0.21634615384615385
1 0.5757211538461539 0.6754807692307693 0.17067307692307693 0.1971153846153846
1 0.8341346153846154 0.5048076923076923 0.1778846153846154 0.19471153846153846
1 0.8509615384615384 0.7403846153846154 0.1778846153846154 0.21875
1 0.6778846153846154 0.2800480769230769 0.1778846153846154 0.21875
1 0.24879807692307693 0.2127403846153846 0.14903846153846154 0.19230769230769232
1 0.33052884615384615 0.9026442307692307 0.15144230769230768 0.18990384615384615
1 0.6947115384615384 0.8581730769230769 0.14903846153846154 0.19230769230769232
1 0.4387019230769231 0.12740384615384615 0.14903846153846154 0.19230769230769232
1 0.5841346153846154 0.6165865384615384 0.17067307692307693 0.1971153846153846
1 0.13341346153846154 0.5336538461538461 0.13942307692307693 0.21634615384615385
2 0.38221153846153844 0.5144230769230769 0.39663461538461536 0.4423076923076923
0 0.2247596153846154 0.7944711538461539 0.06971153846153846 0.09375