1 0.8137019230769231 0.7740384615384616 0.20192307692307693 0.15625
1 0.46153846153846156 0.8137019230769231 0.20192307692307693 0.15625
1 0.8978365384615384 0.07932692307692307 0.19951923076923078 0.15384615384615385
1 0.6286057692307693 0.0829326923076923 0.20192307692307693 0.15625
1 0.3425480769230769 0.17668269230769232 0.20192307692307693 0.15625
1 0.22235576923076922 0.6201923076923077 0.20673076923076922 0.1778846153846154
1 0.4254807692307692 0.9086538461538461 0.2668269230769231 0.17307692307692307
1 0.37740384615384615 0.4807692307692308 0.17548076923076922 0.16346153846153846
1 0.6418269230769231 0.6033653846153846 0.1875 0.15865384615384615
1 0.09615384615384616 0.6310096153846154 0.1875 0.16105769230769232
0 0.06610576923076923 0.3269230769230769 0.09134615384615384 0.0673076923076923
0 0.16346153846153846 0.8822115384615384 0.06490384615384616 0.055288461538461536
0 0.4807692307692308 0.1502403846153846 0.07932692307692307 0.0625
0 0.8605769230769231 0.18870192307692307 0.07451923076923077 0.06971153846153846
0 0.9723557692307693 0.4338942307692308 0.052884615384615384 0.057692307692307696
2 0.6754807692307693 0.3293269230769231 0.46153846153846156 0.3701923076923077