1 0.7692307692307693 0.7620192307692307 0.19230769230769232 0.1875
1 0.8521634615384616 0.9266826923076923 0.2932692307692308 0.14423076923076922
1 0.1141826923076923 0.9026442307692307 0.20673076923076922 0.14903846153846154
1 0.4206730769230769 0.4831730769230769 0.23076923076923078 0.20673076923076922
1 0.46033653846153844 0.8954326923076923 0.23076923076923078 0.20673076923076922
1 0.2776442307692308 0.1502403846153846 0.23076923076923078 0.20673076923076922
1 0.46033653846153844 0.2620192307692308 0.21634615384615385 0.15625
1 0.109375 0.22355769230769232 0.21394230769230768 0.15865384615384615
1 0.6875 0.5721153846153846 0.21153846153846154 0.18269230769230768
1 0.28365384615384615 0.7379807692307693 0.21153846153846154 0.18269230769230768
2 0.17548076923076922 0.5024038461538461 0.25240384615384615 0.19230769230769232