2 0.5733173076923077 0.31850961538461536 0.3557692307692308 0.2692307692307692
0 0.421875 0.171875 0.07692307692307693 0.0673076923076923
0 0.46153846153846156 0.1346153846153846 0.07692307692307693 0.0673076923076923
0 0.03245192307692308 0.5504807692307693 0.06009615384615385 0.0625
1 0.8497596153846154 0.21995192307692307 0.21153846153846154 0.19230769230769232
1 0.1201923076923077 0.8713942307692307 0.23557692307692307 0.19471153846153846
1 0.8233173076923077 0.6478365384615384 0.28365384615384615 0.19230769230769232
1 0.7415865384615384 0.7920673076923077 0.15384615384615385 0.18269230769230768
1 0.31009615384615385 0.5420673076923077 0.1875 0.17548076923076922
1 0.25240384615384615 0.4170673076923077 0.1875 0.17548076923076922
1 0.8233173076923077 0.4110576923076923 0.1875 0.17548076923076922
1 0.7307692307692307 0.4879807692307692 0.21875 0.18269230769230768
1 0.8822115384615384 0.9242788461538461 0.23076923076923078 0.1466346153846154
1 0.5733173076923077 0.8581730769230769 0.21634615384615385 0.21153846153846154
1 0.4230769230769231 0.8762019230769231 0.1778846153846154 0.18269230769230768
1 0.39302884615384615 0.6730769230769231 0.19230769230769232 0.18269230769230768
1 0.35096153846153844 0.26802884615384615 0.1971153846153846 0.1971153846153846
1 0.22235576923076922 0.12379807692307693 0.1971153846153846 0.1971153846153846