1 0.5048076923076923 0.3737980769230769 0.17307692307692307 0.17307692307692307
1 0.359375 0.5348557692307693 0.17307692307692307 0.17307692307692307
1 0.5372596153846154 0.5456730769230769 0.19951923076923078 0.16346153846153846
1 0.9074519230769231 0.5564903846153846 0.18269230769230768 0.16346153846153846
1 0.8882211538461539 0.7536057692307693 0.21875 0.16826923076923078
1 0.7692307692307693 0.4423076923076923 0.21153846153846154 0.18269230769230768
1 0.8389423076923077 0.1310096153846154 0.20673076923076922 0.1778846153846154
1 0.3016826923076923 0.9074519230769231 0.19951923076923078 0.16346153846153846
1 0.13581730769230768 0.5901442307692307 0.19951923076923078 0.16346153846153846
1 0.6959134615384616 0.14903846153846154 0.19951923076923078 0.16346153846153846
1 0.9290865384615384 0.2536057692307692 0.13701923076923078 0.10576923076923077
1 0.07932692307692307 0.9146634615384616 0.15384615384615385 0.12740384615384615
1 0.3329326923076923 0.6995192307692307 0.17067307692307693 0.1346153846153846
1 0.12379807692307693 0.7283653846153846 0.15865384615384615 0.11538461538461539
2 0.15865384615384615 0.41225961538461536 0.2403846153846154 0.23557692307692307
0 0.328125 0.4074519230769231 0.09375 0.0673076923076923
0 0.7716346153846154 0.5769230769230769 0.09375 0.0673076923076923