1 0.7668269230769231 0.7007211538461539 0.2668269230769231 0.15144230769230768
1 0.4987980769230769 0.8918269230769231 0.21875 0.15865384615384615
1 0.9074519230769231 0.8185096153846154 0.18269230769230768 0.16826923076923078
1 0.5276442307692307 0.3016826923076923 0.19951923076923078 0.16826923076923078
1 0.15625 0.38822115384615385 0.23798076923076922 0.17067307692307693
1 0.1502403846153846 0.6177884615384616 0.19230769230769232 0.15865384615384615
1 0.33774038461538464 0.2932692307692308 0.19951923076923078 0.16826923076923078
1 0.12259615384615384 0.24278846153846154 0.2403846153846154 0.17307692307692307
1 0.6814903846153846 0.4807692307692308 0.15384615384615385 0.17307692307692307
1 0.8786057692307693 0.41586538461538464 0.23798076923076922 0.10096153846153846
1 0.7391826923076923 0.8713942307692307 0.1875 0.14423076923076922
1 0.16826923076923078 0.7800480769230769 0.20432692307692307 0.14903846153846154
1 0.38822115384615385 0.07211538461538461 0.21875 0.14182692307692307
2 0.4026442307692308 0.4855769230769231 0.43990384615384615 0.3389423076923077