1 0.11778846153846154 0.4543269230769231 0.1466346153846154 0.20673076923076922
1 0.23677884615384615 0.296875 0.19471153846153846 0.23076923076923078
1 0.1310096153846154 0.7379807692307693 0.17067307692307693 0.23557692307692307
1 0.5144230769230769 0.6274038461538461 0.1875 0.23317307692307693
1 0.8221153846153846 0.3317307692307692 0.17548076923076922 0.23076923076923078
1 0.3112980769230769 0.6526442307692307 0.1971153846153846 0.23076923076923078
1 0.5721153846153846 0.35697115384615385 0.14423076923076922 0.18990384615384615
1 0.6634615384615384 0.25961538461538464 0.14423076923076922 0.18990384615384615
1 0.9254807692307693 0.08774038461538461 0.14182692307692307 0.17067307692307693
1 0.8930288461538461 0.5649038461538461 0.16346153846153846 0.17548076923076922
1 0.9050480769230769 0.65625 0.16826923076923078 0.21634615384615385
1 0.3713942307692308 0.43028846153846156 0.16826923076923078 0.3317307692307692
1 0.21754807692307693 0.08173076923076923 0.19471153846153846 0.15865384615384615
1 0.5805288461538461 0.23076923076923078 0.12980769230769232 0.16346153846153846
0 0.32091346153846156 0.8629807692307693 0.0673076923076923 0.07692307692307693
0 0.44471153846153844 0.47716346153846156 0.0673076923076923 0.07932692307692307
0 0.6935096153846154 0.4026442307692308 0.052884615384615384 0.10096153846153846
0 0.84375 0.06850961538461539 0.0673076923076923 0.07451923076923077
2 0.6983173076923077 0.8040865384615384 0.3581730769230769 0.3870192307692308