1 0.7848557692307693 0.13822115384615385 0.1778846153846154 0.20192307692307693
1 0.8533653846153846 0.6358173076923077 0.15865384615384615 0.19230769230769232
1 0.3786057692307692 0.8353365384615384 0.15865384615384615 0.19230769230769232
1 0.7692307692307693 0.8497596153846154 0.15865384615384615 0.19230769230769232
1 0.6153846153846154 0.46274038461538464 0.15865384615384615 0.23076923076923078
1 0.296875 0.5973557692307693 0.15865384615384615 0.23076923076923078
1 0.0829326923076923 0.6850961538461539 0.16105769230769232 0.2283653846153846
1 0.06370192307692307 0.39663461538461536 0.12740384615384615 0.22596153846153846
1 0.8293269230769231 0.39302884615384615 0.1346153846153846 0.21875
1 0.5048076923076923 0.49158653846153844 0.15865384615384615 0.23076923076923078
1 0.5240384615384616 0.6730769230769231 0.16105769230769232 0.23076923076923078
1 0.5685096153846154 0.8485576923076923 0.16105769230769232 0.20673076923076922
2 0.3798076923076923 0.27884615384615385 0.35096153846153844 0.43509615384615385
0 0.21875 0.8870192307692307 0.07211538461538461 0.06009615384615385