1 0.7836538461538461 0.11899038461538461 0.2668269230769231 0.1778846153846154
1 0.8786057692307693 0.5709134615384616 0.23798076923076922 0.18028846153846154
1 0.6286057692307693 0.8737980769230769 0.2403846153846154 0.1875
1 0.4254807692307692 0.8389423076923077 0.22115384615384615 0.1971153846153846
1 0.18509615384615385 0.9399038461538461 0.2644230769230769 0.11538461538461539
1 0.18990384615384615 0.8100961538461539 0.2403846153846154 0.1466346153846154
1 0.11177884615384616 0.6394230769230769 0.21875 0.1971153846153846
1 0.3137019230769231 0.6478365384615384 0.19230769230769232 0.18269230769230768
1 0.27403846153846156 0.43028846153846156 0.19230769230769232 0.18269230769230768
1 0.5300480769230769 0.6658653846153846 0.20673076923076922 0.14903846153846154
1 0.9098557692307693 0.8076923076923077 0.17548076923076922 0.15865384615384615
1 0.9230769230769231 0.3762019230769231 0.14903846153846154 0.16105769230769232
1 0.7584134615384616 0.31971153846153844 0.1971153846153846 0.17307692307692307
1 0.3425480769230769 0.10096153846153846 0.23076923076923078 0.19951923076923078
2 0.5709134615384616 0.4879807692307692 0.47596153846153844 0.3293269230769231