1 0.28365384615384615 0.7355769230769231 0.18990384615384615 0.2620192307692308
1 0.6754807692307693 0.6310096153846154 0.2091346153846154 0.2620192307692308
1 0.9050480769230769 0.48677884615384615 0.1875 0.18509615384615385
1 0.9314903846153846 0.8882211538461539 0.13221153846153846 0.22115384615384615
1 0.7091346153846154 0.14423076923076922 0.19230769230769232 0.2283653846153846
1 0.7403846153846154 0.36778846153846156 0.19230769230769232 0.2283653846153846
1 0.4807692307692308 0.9098557692307693 0.17548076923076922 0.1778846153846154
1 0.09134615384615384 0.11177884615384616 0.13221153846153846 0.17307692307692307
1 0.3449519230769231 0.15985576923076922 0.20432692307692307 0.23798076923076922
1 0.5120192307692307 0.109375 0.1778846153846154 0.21634615384615385
1 0.41225961538461536 0.6754807692307693 0.17307692307692307 0.22115384615384615
2 0.49399038461538464 0.4050480769230769 0.3557692307692308 0.42788461538461536