1 0.6778846153846154 0.7728365384615384 0.19230769230769232 0.17307692307692307
1 0.3581730769230769 0.8137019230769231 0.23076923076923078 0.1778846153846154
1 0.19951923076923078 0.7199519230769231 0.21634615384615385 0.14423076923076922
1 0.5733173076923077 0.5865384615384616 0.25961538461538464 0.17067307692307693
1 0.7896634615384616 0.4651442307692308 0.20673076923076922 0.16346153846153846
1 0.8557692307692307 0.6394230769230769 0.22596153846153846 0.19951923076923078
1 0.9098557692307693 0.4026442307692308 0.17548076923076922 0.18509615384615385
1 0.17548076923076922 0.5841346153846154 0.18269230769230768 0.15865384615384615
1 0.31971153846153844 0.640625 0.18269230769230768 0.15865384615384615
2 0.40384615384615385 0.3004807692307692 0.3293269230769231 0.2692307692307692
0 0.9579326923076923 0.8918269230769231 0.07932692307692307 0.0673076923076923
0 0.5480769230769231 0.19110576923076922 0.09615384615384616 0.0673076923076923