1 0.5793269230769231 0.9002403846153846 0.1346153846153846 0.19471153846153846
1 0.27163461538461536 0.8401442307692307 0.15384615384615385 0.19951923076923078
1 0.07692307692307693 0.7896634615384616 0.15144230769230768 0.19951923076923078
1 0.19831730769230768 0.6538461538461539 0.15384615384615385 0.19951923076923078
1 0.11538461538461539 0.08653846153846154 0.15625 0.16826923076923078
1 0.33533653846153844 0.109375 0.18028846153846154 0.21634615384615385
1 0.5168269230769231 0.1141826923076923 0.15144230769230768 0.22596153846153846
1 0.8966346153846154 0.06610576923076923 0.15865384615384615 0.12740384615384615
1 0.9002403846153846 0.3161057692307692 0.16346153846153846 0.21634615384615385
1 0.9170673076923077 0.8665865384615384 0.16105769230769232 0.21875
1 0.6418269230769231 0.6838942307692307 0.19230769230769232 0.23076923076923078
1 0.5564903846153846 0.5012019230769231 0.19230769230769232 0.23076923076923078
1 0.1346153846153846 0.421875 0.16826923076923078 0.18990384615384615
1 0.3942307692307692 0.6129807692307693 0.1875 0.23076923076923078
2 0.6754807692307693 0.2776442307692308 0.3317307692307692 0.40384615384615385