1 0.47596153846153844 0.8810096153846154 0.15865384615384615 0.23317307692307693
1 0.3137019230769231 0.8473557692307693 0.1658653846153846 0.19230769230769232
1 0.4567307692307692 0.2439903846153846 0.17067307692307693 0.20673076923076922
1 0.2980769230769231 0.15985576923076922 0.18028846153846154 0.25
1 0.4483173076923077 0.65625 0.1778846153846154 0.1971153846153846
1 0.5901442307692307 0.09375 0.18509615384615385 0.18269230769230768
1 0.3954326923076923 0.4807692307692308 0.12980769230769232 0.21875
1 0.08413461538461539 0.11177884615384616 0.16105769230769232 0.21875
1 0.2704326923076923 0.41586538461538464 0.16346153846153846 0.22355769230769232
1 0.23798076923076922 0.6382211538461539 0.16105769230769232 0.20192307692307693
1 0.7331730769230769 0.21995192307692307 0.15865384615384615 0.22355769230769232
1 0.11658653846153846 0.38461538461538464 0.14903846153846154 0.21153846153846154
1 0.11658653846153846 0.828125 0.18028846153846154 0.1778846153846154
1 0.9326923076923077 0.3137019230769231 0.12980769230769232 0.22596153846153846
2 0.8076923076923077 0.6947115384615384 0.3125 0.44471153846153844
0 0.4699519230769231 0.4795673076923077 0.055288461538461536 0.08653846153846154