1 0.9302884615384616 0.33533653846153844 0.13701923076923078 0.24519230769230768
1 0.8016826923076923 0.6526442307692307 0.17307692307692307 0.25961538461538464
1 0.39903846153846156 0.44471153846153844 0.13942307692307693 0.21634615384615385
1 0.5889423076923077 0.39903846153846156 0.1778846153846154 0.17307692307692307
1 0.4567307692307692 0.24639423076923078 0.19230769230769232 0.21153846153846154
1 0.6442307692307693 0.16947115384615385 0.19230769230769232 0.21153846153846154
1 0.3762019230769231 0.8870192307692307 0.15144230769230768 0.20192307692307693
1 0.2692307692307692 0.7319711538461539 0.19951923076923078 0.1778846153846154
1 0.2091346153846154 0.11177884615384616 0.1778846153846154 0.21875
1 0.22115384615384615 0.35336538461538464 0.19951923076923078 0.21634615384615385
1 0.8713942307692307 0.109375 0.18990384615384615 0.21394230769230768
1 0.6754807692307693 0.8786057692307693 0.14903846153846154 0.20192307692307693
1 0.12980769230769232 0.5925480769230769 0.15144230769230768 0.20192307692307693
1 0.18389423076923078 0.9182692307692307 0.15144230769230768 0.15865384615384615
2 0.5456730769230769 0.6778846153846154 0.32211538461538464 0.46153846153846156