1 0.6766826923076923 0.5637019230769231 0.13942307692307693 0.21875
1 0.4987980769230769 0.10096153846153846 0.17067307692307693 0.1971153846153846
1 0.6442307692307693 0.14423076923076922 0.16826923076923078 0.1971153846153846
1 0.5733173076923077 0.31850961538461536 0.19230769230769232 0.22115384615384615
1 0.18269230769230768 0.27283653846153844 0.19230769230769232 0.22115384615384615
1 0.23798076923076922 0.5264423076923077 0.14903846153846154 0.21634615384615385
1 0.703125 0.8689903846153846 0.19951923076923078 0.24519230769230768
1 0.7752403846153846 0.09615384615384616 0.1466346153846154 0.1875
1 0.7331730769230769 0.3581730769230769 0.13701923076923078 0.23317307692307693
1 0.4387019230769231 0.9242788461538461 0.15865384615384615 0.14903846153846154
2 0.4543269230769231 0.6382211538461539 0.375 0.4855769230769231