1 0.25961538461538464 0.22235576923076922 0.16826923076923078 0.20432692307692307
1 0.19230769230769232 0.3545673076923077 0.16826923076923078 0.20432692307692307
1 0.49759615384615385 0.07451923076923077 0.17307692307692307 0.14423076923076922
1 0.4567307692307692 0.16346153846153846 0.17307692307692307 0.14903846153846154
1 0.19831730769230768 0.828125 0.16826923076923078 0.19230769230769232
1 0.8966346153846154 0.5336538461538461 0.16826923076923078 0.20673076923076922
1 0.7127403846153846 0.2608173076923077 0.16826923076923078 0.20673076923076922
1 0.12860576923076922 0.578125 0.16346153846153846 0.23076923076923078
1 0.9158653846153846 0.16466346153846154 0.1658653846153846 0.28365384615384615
2 0.5661057692307693 0.7451923076923077 0.33653846153846156 0.39903846153846156
0 0.5144230769230769 0.3161057692307692 0.0625 0.08173076923076923
0 0.3605769230769231 0.4182692307692308 0.0625 0.08173076923076923