2 0.4651442307692308 0.375 0.2548076923076923 0.33653846153846156
1 0.5300480769230769 0.8605769230769231 0.2283653846153846 0.22596153846153846
1 0.4074519230769231 0.6322115384615384 0.18269230769230768 0.24759615384615385
1 0.1622596153846154 0.703125 0.18269230769230768 0.24759615384615385
1 0.22956730769230768 0.5697115384615384 0.18269230769230768 0.24759615384615385
1 0.2620192307692308 0.4182692307692308 0.18269230769230768 0.24759615384615385
1 0.17307692307692307 0.37259615384615385 0.15625 0.21394230769230768
1 0.17548076923076922 0.2608173076923077 0.15625 0.21394230769230768
1 0.21153846153846154 0.15865384615384615 0.15384615384615385 0.21394230769230768
1 0.09254807692307693 0.24759615384615385 0.15384615384615385 0.21153846153846154
1 0.9362980769230769 0.8545673076923077 0.125 0.2403846153846154
1 0.7860576923076923 0.8858173076923077 0.19230769230769232 0.22596153846153846
1 0.22716346153846154 0.8798076923076923 0.21153846153846154 0.23557692307692307
0 0.3473557692307692 0.9350961538461539 0.0673076923076923 0.1201923076923077
0 0.6394230769230769 0.09134615384615384 0.0673076923076923 0.07211538461538461
1 0.6177884615384616 0.6550480769230769 0.15384615384615385 0.22596153846153846
1 0.8846153846153846 0.5721153846153846 0.15384615384615385 0.2283653846153846
1 0.8629807692307693 0.0733173076923077 0.13942307692307693 0.14423076923076922
1 0.7367788461538461 0.0733173076923077 0.13942307692307693 0.1466346153846154
1 0.9230769230769231 0.13221153846153846 0.15144230769230768 0.18269230769230768