1 0.6778846153846154 0.5901442307692307 0.18509615384615385 0.1466346153846154
1 0.21754807692307693 0.41947115384615385 0.2403846153846154 0.1778846153846154
1 0.7596153846153846 0.3125 0.2548076923076923 0.19230769230769232
1 0.8930288461538461 0.21995192307692307 0.14903846153846154 0.125
1 0.8581730769230769 0.5120192307692307 0.22596153846153846 0.16346153846153846
1 0.703125 0.7644230769230769 0.19230769230769232 0.14182692307692307
1 0.24639423076923078 0.9134615384615384 0.22355769230769232 0.16826923076923078
1 0.45552884615384615 0.9350961538461539 0.2091346153846154 0.125
1 0.4254807692307692 0.7956730769230769 0.1971153846153846 0.1466346153846154
1 0.6778846153846154 0.9206730769230769 0.1971153846153846 0.15625
1 0.0625 0.8052884615384616 0.1201923076923077 0.15865384615384615
1 0.23798076923076922 0.7752403846153846 0.20432692307692307 0.15865384615384615
1 0.5504807692307693 0.078125 0.2403846153846154 0.15384615384615385
1 0.5709134615384616 0.5324519230769231 0.21634615384615385 0.15865384615384615
2 0.3942307692307692 0.20192307692307693 0.44711538461538464 0.35096153846153844
0 0.7091346153846154 0.41466346153846156 0.07692307692307693 0.0625