2 0.29447115384615385 0.4182692307692308 0.2548076923076923 0.28125
1 0.4807692307692308 0.7043269230769231 0.19471153846153846 0.23317307692307693
1 0.1466346153846154 0.5588942307692307 0.1466346153846154 0.19471153846153846
1 0.12259615384615384 0.734375 0.2091346153846154 0.21634615384615385
1 0.38341346153846156 0.17427884615384615 0.15865384615384615 0.21153846153846154
1 0.2668269230769231 0.14903846153846154 0.15865384615384615 0.21153846153846154
1 0.2091346153846154 0.15264423076923078 0.15865384615384615 0.21153846153846154
1 0.10216346153846154 0.15264423076923078 0.15865384615384615 0.21153846153846154
1 0.5637019230769231 0.2512019230769231 0.15865384615384615 0.21153846153846154
1 0.7307692307692307 0.2620192307692308 0.15865384615384615 0.21153846153846154
1 0.8365384615384616 0.484375 0.15865384615384615 0.21153846153846154
1 0.8305288461538461 0.8822115384615384 0.18028846153846154 0.22596153846153846
1 0.6502403846153846 0.9002403846153846 0.18028846153846154 0.1971153846153846
1 0.2644230769230769 0.9002403846153846 0.18269230769230768 0.1971153846153846
1 0.2956730769230769 0.7403846153846154 0.18269230769230768 0.1971153846153846
0 0.036057692307692304 0.9170673076923077 0.06971153846153846 0.08653846153846154
0 0.8834134615384616 0.35697115384615385 0.055288461538461536 0.06490384615384616
1 0.6862980769230769 0.5276442307692307 0.19471153846153846 0.23317307692307693
1 0.8293269230769231 0.09375 0.13942307692307693 0.18269230769230768