1 0.27283653846153844 0.8918269230769231 0.2403846153846154 0.18269230769230768
1 0.17548076923076922 0.7115384615384616 0.24519230769230768 0.21634615384615385
1 0.7980769230769231 0.07451923076923077 0.19230769230769232 0.14423076923076922
1 0.4639423076923077 0.18870192307692307 0.19230769230769232 0.15865384615384615
1 0.49278846153846156 0.5817307692307693 0.19230769230769232 0.16826923076923078
1 0.39903846153846156 0.6598557692307693 0.21634615384615385 0.16105769230769232
1 0.7992788461538461 0.36538461538461536 0.22115384615384615 0.16346153846153846
1 0.3269230769230769 0.19110576923076922 0.25 0.15865384615384615
1 0.7379807692307693 0.23197115384615385 0.23076923076923078 0.14423076923076922
2 0.24759615384615385 0.43028846153846156 0.4254807692307692 0.31971153846153844
0 0.44350961538461536 0.9230769230769231 0.09615384615384616 0.06971153846153846
0 0.9074519230769231 0.11057692307692307 0.07211538461538461 0.07451923076923077