1 0.2608173076923077 0.4879807692307692 0.18269230769230768 0.20673076923076922
1 0.35336538461538464 0.27524038461538464 0.15865384615384615 0.21634615384615385
1 0.2536057692307692 0.2620192307692308 0.14423076923076922 0.1875
1 0.38221153846153844 0.8870192307692307 0.18028846153846154 0.22115384615384615
1 0.7848557692307693 0.1622596153846154 0.15865384615384615 0.21634615384615385
1 0.7956730769230769 0.5240384615384616 0.16826923076923078 0.23076923076923078
1 0.7692307692307693 0.4254807692307692 0.1658653846153846 0.21153846153846154
1 0.49399038461538464 0.6322115384615384 0.17307692307692307 0.1971153846153846
1 0.9362980769230769 0.7271634615384616 0.12259615384615384 0.24759615384615385
1 0.9194711538461539 0.9266826923076923 0.15865384615384615 0.14182692307692307
1 0.7824519230769231 0.9266826923076923 0.15865384615384615 0.14182692307692307
1 0.5901442307692307 0.9026442307692307 0.15865384615384615 0.18990384615384615
1 0.7355769230769231 0.765625 0.15384615384615385 0.20192307692307693
1 0.4338942307692308 0.671875 0.15384615384615385 0.20192307692307693
1 0.18990384615384615 0.8052884615384616 0.15384615384615385 0.20192307692307693
1 0.11057692307692307 0.3737980769230769 0.16826923076923078 0.23076923076923078
1 0.47716346153846156 0.43990384615384615 0.15865384615384615 0.14903846153846154
1 0.9302884615384616 0.4050480769230769 0.1346153846153846 0.21875
2 0.6213942307692307 0.21875 0.24519230769230768 0.3245192307692308