2 0.7824519230769231 0.5829326923076923 0.3629807692307692 0.5961538461538461
1 0.20673076923076922 0.7776442307692307 0.2091346153846154 0.20673076923076922
1 0.34375 0.49038461538461536 0.14903846153846154 0.18269230769230768
1 0.4483173076923077 0.5348557692307693 0.14903846153846154 0.18269230769230768
1 0.5697115384615384 0.7572115384615384 0.15384615384615385 0.31490384615384615
1 0.4362980769230769 0.7620192307692307 0.14903846153846154 0.19951923076923078
1 0.484375 0.8990384615384616 0.15144230769230768 0.1971153846153846
1 0.2091346153846154 0.3161057692307692 0.18990384615384615 0.2283653846153846
1 0.21754807692307693 0.10096153846153846 0.1875 0.19951923076923078
1 0.5745192307692307 0.3173076923076923 0.18269230769230768 0.18990384615384615
1 0.42788461538461536 0.3088942307692308 0.21394230769230768 0.2620192307692308
1 0.890625 0.2848557692307692 0.1971153846153846 0.25240384615384615
1 0.9098557692307693 0.0985576923076923 0.1778846153846154 0.19230769230769232
1 0.46875 0.06850961538461539 0.16826923076923078 0.1346153846153846
1 0.6538461538461539 0.14543269230769232 0.21153846153846154 0.23798076923076922
0 0.2620192307692308 0.9002403846153846 0.06490384615384616 0.07211538461538461
1 0.17668269230769232 0.41346153846153844 0.15144230769230768 0.18269230769230768
1 0.7139423076923077 0.9074519230769231 0.15384615384615385 0.18028846153846154