1 0.6850961538461539 0.4206730769230769 0.2620192307692308 0.20673076923076922
1 0.6165865384615384 0.8112980769230769 0.1778846153846154 0.12980769230769232
1 0.6983173076923077 0.6682692307692307 0.1875 0.1658653846153846
1 0.40024038461538464 0.6875 0.16826923076923078 0.14903846153846154
1 0.46274038461538464 0.5192307692307693 0.18269230769230768 0.17307692307692307
1 0.2548076923076923 0.3581730769230769 0.19230769230769232 0.14423076923076922
1 0.21514423076923078 0.18389423076923078 0.23076923076923078 0.16826923076923078
1 0.14543269230769232 0.5384615384615384 0.21153846153846154 0.18269230769230768
1 0.21875 0.7944711538461539 0.22596153846153846 0.1778846153846154
1 0.6766826923076923 0.19951923076923078 0.19230769230769232 0.15625
1 0.4651442307692308 0.1466346153846154 0.2403846153846154 0.16826923076923078
1 0.8762019230769231 0.5612980769230769 0.22115384615384615 0.17067307692307693
2 0.8329326923076923 0.8125 0.3293269230769231 0.3701923076923077