0 0.4411057692307692 0.8257211538461539 0.08173076923076923 0.06971153846153846
2 0.4723557692307692 0.4338942307692308 0.3173076923076923 0.24278846153846154
1 0.6959134615384616 0.3473557692307692 0.22115384615384615 0.2283653846153846
1 0.4098557692307692 0.22115384615384615 0.21875 0.16105769230769232
1 0.23197115384615385 0.08052884615384616 0.21875 0.15865384615384615
1 0.1346153846153846 0.08052884615384616 0.21875 0.15865384615384615
1 0.06370192307692307 0.17668269230769232 0.12259615384615384 0.15384615384615385
1 0.21995192307692307 0.4110576923076923 0.13942307692307693 0.16826923076923078
1 0.6550480769230769 0.7091346153846154 0.23076923076923078 0.15384615384615385
1 0.8834134615384616 0.3762019230769231 0.2283653846153846 0.15625
1 0.6286057692307693 0.13701923076923078 0.23076923076923078 0.15384615384615385
1 0.13942307692307693 0.7091346153846154 0.21153846153846154 0.18269230769230768
1 0.3088942307692308 0.9411057692307693 0.21875 0.11298076923076923
1 0.7439903846153846 0.9074519230769231 0.21394230769230768 0.18028846153846154
1 0.9146634615384616 0.9266826923076923 0.1658653846153846 0.14182692307692307
1 0.8425480769230769 0.6706730769230769 0.23076923076923078 0.15384615384615385
1 0.9302884615384616 0.7980769230769231 0.1346153846153846 0.13942307692307693