2 0.6117788461538461 0.17427884615384615 0.27884615384615385 0.34375
1 0.3701923076923077 0.3088942307692308 0.21875 0.20192307692307693
1 0.41346153846153844 0.0673076923076923 0.17067307692307693 0.12980769230769232
1 0.9375 0.26802884615384615 0.1201923076923077 0.22596153846153846
1 0.28125 0.15745192307692307 0.15625 0.20673076923076922
1 0.18629807692307693 0.4855769230769231 0.13942307692307693 0.18269230769230768
1 0.5456730769230769 0.42908653846153844 0.13942307692307693 0.18269230769230768
1 0.6370192307692307 0.43149038461538464 0.13942307692307693 0.18269230769230768
1 0.7115384615384616 0.40865384615384615 0.13942307692307693 0.18269230769230768
1 0.7427884615384616 0.3641826923076923 0.13942307692307693 0.18269230769230768
1 0.8245192307692307 0.31850961538461536 0.13942307692307693 0.18269230769230768
1 0.9158653846153846 0.6670673076923077 0.13942307692307693 0.18269230769230768
1 0.9459134615384616 0.4891826923076923 0.10336538461538461 0.22355769230769232
1 0.5168269230769231 0.9411057692307693 0.13942307692307693 0.11538461538461539
1 0.5697115384615384 0.5889423076923077 0.1778846153846154 0.1778846153846154
1 0.36538461538461536 0.8004807692307693 0.13942307692307693 0.16346153846153846
1 0.06971153846153846 0.5757211538461539 0.13701923076923078 0.2644230769230769
1 0.19471153846153846 0.8028846153846154 0.18028846153846154 0.2548076923076923
1 0.11538461538461539 0.22235576923076922 0.1778846153846154 0.2548076923076923
1 0.10576923076923077 0.09014423076923077 0.14423076923076922 0.1778846153846154
1 0.4495192307692308 0.4855769230769231 0.13942307692307693 0.18269230769230768
1 0.44711538461538464 0.6310096153846154 0.13942307692307693 0.18269230769230768