1 0.3605769230769231 0.6694711538461539 0.15625 0.2403846153846154
1 0.29447115384615385 0.13701923076923078 0.18028846153846154 0.20432692307692307
1 0.24278846153846154 0.5204326923076923 0.1875 0.2403846153846154
1 0.19230769230769232 0.31009615384615385 0.18269230769230768 0.17067307692307693
1 0.8341346153846154 0.09495192307692307 0.15384615384615385 0.18509615384615385
1 0.9230769230769231 0.41346153846153844 0.14903846153846154 0.20192307692307693
1 0.9230769230769231 0.6346153846153846 0.14903846153846154 0.20192307692307693
1 0.4795673076923077 0.8401442307692307 0.19230769230769232 0.23317307692307693
1 0.6274038461538461 0.65625 0.16826923076923078 0.23076923076923078
1 0.7824519230769231 0.7019230769230769 0.16826923076923078 0.23076923076923078
1 0.7415865384615384 0.8161057692307693 0.16826923076923078 0.23076923076923078
1 0.06129807692307692 0.5336538461538461 0.11778846153846154 0.21153846153846154
1 0.7716346153846154 0.4579326923076923 0.14903846153846154 0.19951923076923078
2 0.546875 0.4074519230769231 0.34615384615384615 0.46153846153846156