1 0.2439903846153846 0.14903846153846154 0.1466346153846154 0.1778846153846154
1 0.48197115384615385 0.22235576923076922 0.16346153846153846 0.20192307692307693
1 0.7115384615384616 0.2860576923076923 0.16346153846153846 0.17307692307692307
1 0.9026442307692307 0.2692307692307692 0.125 0.25961538461538464
1 0.14783653846153846 0.43990384615384615 0.18028846153846154 0.2668269230769231
1 0.46274038461538464 0.43028846153846156 0.16346153846153846 0.20192307692307693
1 0.5745192307692307 0.4387019230769231 0.14423076923076922 0.20192307692307693
1 0.49399038461538464 0.7680288461538461 0.16346153846153846 0.20192307692307693
1 0.41225961538461536 0.6418269230769231 0.18028846153846154 0.20673076923076922
1 0.3088942307692308 0.5480769230769231 0.18028846153846154 0.20673076923076922
1 0.12740384615384615 0.7307692307692307 0.18028846153846154 0.20673076923076922
1 0.7415865384615384 0.4567307692307692 0.15144230769230768 0.18990384615384615
1 0.8100961538461539 0.47836538461538464 0.15144230769230768 0.18990384615384615
1 0.7439903846153846 0.6682692307692307 0.18269230769230768 0.1971153846153846
1 0.6165865384615384 0.8653846153846154 0.18269230769230768 0.1971153846153846
1 0.6394230769230769 0.10096153846153846 0.22596153846153846 0.1971153846153846
1 0.27524038461538464 0.7427884615384616 0.1466346153846154 0.1778846153846154
1 0.2956730769230769 0.8485576923076923 0.1466346153846154 0.1778846153846154
2 0.8112980769230769 0.8990384615384616 0.31009615384615385 0.1971153846153846