2 0.3076923076923077 0.3076923076923077 0.37740384615384615 0.28125
1 0.671875 0.4110576923076923 0.21634615384615385 0.17548076923076922
1 0.6213942307692307 0.3473557692307692 0.21634615384615385 0.17548076923076922
1 0.5360576923076923 0.7067307692307693 0.21634615384615385 0.1466346153846154
1 0.671875 0.8485576923076923 0.21634615384615385 0.17548076923076922
1 0.2247596153846154 0.9242788461538461 0.23798076923076922 0.1466346153846154
1 0.11658653846153846 0.48197115384615385 0.2283653846153846 0.15144230769230768
1 0.3473557692307692 0.06971153846153846 0.1971153846153846 0.1346153846153846
1 0.6045673076923077 0.078125 0.21634615384615385 0.15384615384615385
1 0.7103365384615384 0.171875 0.21634615384615385 0.15625
1 0.8377403846153846 0.5697115384615384 0.23798076923076922 0.19951923076923078
1 0.7620192307692307 0.6959134615384616 0.22596153846153846 0.15144230769230768
1 0.38341346153846156 0.9230769230769231 0.22596153846153846 0.15144230769230768
1 0.5432692307692307 0.6598557692307693 0.21153846153846154 0.09615384615384616
1 0.9158653846153846 0.7331730769230769 0.16346153846153846 0.15144230769230768
1 0.9158653846153846 0.8257211538461539 0.16346153846153846 0.15144230769230768
0 0.7740384615384616 0.28125 0.07211538461538461 0.057692307692307696
1 0.3425480769230769 0.8052884615384616 0.21634615384615385 0.1466346153846154
1 0.9098557692307693 0.24759615384615385 0.1778846153846154 0.16105769230769232
1 0.09735576923076923 0.21514423076923078 0.18269230769230768 0.21153846153846154