1 0.2692307692307692 0.6045673076923077 0.22115384615384615 0.21394230769230768
1 0.12259615384615384 0.4519230769230769 0.21153846153846154 0.14182692307692307
1 0.15264423076923078 0.17307692307692307 0.21875 0.16346153846153846
1 0.2512019230769231 0.33052884615384615 0.21875 0.16346153846153846
1 0.4567307692307692 0.30528846153846156 0.21875 0.16346153846153846
1 0.796875 0.4362980769230769 0.22115384615384615 0.18269230769230768
1 0.6466346153846154 0.6189903846153846 0.2548076923076923 0.18269230769230768
1 0.6081730769230769 0.328125 0.23076923076923078 0.1778846153846154
1 0.8858173076923077 0.6286057692307693 0.22596153846153846 0.1875
1 0.8858173076923077 0.8161057692307693 0.13701923076923078 0.20673076923076922
1 0.7788461538461539 0.08653846153846154 0.17067307692307693 0.17307692307692307
1 0.65625 0.07692307692307693 0.20673076923076922 0.14903846153846154
1 0.9290865384615384 0.14302884615384615 0.13701923076923078 0.14903846153846154
1 0.9290865384615384 0.34134615384615385 0.13701923076923078 0.14903846153846154
2 0.4495192307692308 0.8497596153846154 0.4230769230769231 0.2980769230769231
0 0.28725961538461536 0.7139423076923077 0.09134615384615384 0.0673076923076923