2 0.6923076923076923 0.4675480769230769 0.2548076923076923 0.2644230769230769
1 0.8317307692307693 0.7776442307692307 0.1346153846153846 0.2692307692307692
1 0.5576923076923077 0.31490384615384615 0.1466346153846154 0.19951923076923078
1 0.3713942307692308 0.24158653846153846 0.1466346153846154 0.19951923076923078
1 0.07451923076923077 0.4795673076923077 0.1466346153846154 0.2620192307692308
1 0.07572115384615384 0.6995192307692307 0.1466346153846154 0.2644230769230769
1 0.06129807692307692 0.8942307692307693 0.1201923076923077 0.20673076923076922
1 0.6790865384615384 0.9110576923076923 0.17067307692307693 0.17307692307692307
1 0.4963942307692308 0.9182692307692307 0.23076923076923078 0.15865384615384615
1 0.4411057692307692 0.6021634615384616 0.17067307692307693 0.17548076923076922
1 0.7223557692307693 0.11177884615384616 0.25721153846153844 0.20673076923076922
0 0.33413461538461536 0.5901442307692307 0.07692307692307693 0.07451923076923077
0 0.9759615384615384 0.3713942307692308 0.04567307692307692 0.08173076923076923
1 0.22235576923076922 0.40384615384615385 0.17307692307692307 0.2668269230769231
1 0.2848557692307692 0.17908653846153846 0.1466346153846154 0.19951923076923078
1 0.1971153846153846 0.10096153846153846 0.15865384615384615 0.1971153846153846