1 0.8197115384615384 0.8233173076923077 0.17307692307692307 0.1875
1 0.6742788461538461 0.7824519230769231 0.1778846153846154 0.20673076923076922
1 0.5552884615384616 0.4326923076923077 0.1778846153846154 0.20673076923076922
1 0.8245192307692307 0.4098557692307692 0.15865384615384615 0.18509615384615385
1 0.9278846153846154 0.5649038461538461 0.13942307692307693 0.25
1 0.7223557692307693 0.5348557692307693 0.1778846153846154 0.24278846153846154
1 0.15504807692307693 0.16826923076923078 0.1778846153846154 0.20673076923076922
1 0.21634615384615385 0.8990384615384616 0.16826923076923078 0.1971153846153846
1 0.4855769230769231 0.15504807692307693 0.19230769230769232 0.22115384615384615
1 0.7536057692307693 0.15865384615384615 0.19230769230769232 0.2668269230769231
2 0.29447115384615385 0.6394230769230769 0.3605769230769231 0.4567307692307692
0 0.5528846153846154 0.6838942307692307 0.055288461538461536 0.06490384615384616