1 0.43509615384615385 0.7536057692307693 0.19230769230769232 0.21153846153846154
1 0.17548076923076922 0.7163461538461539 0.19230769230769232 0.21153846153846154
1 0.18870192307692307 0.5913461538461539 0.19230769230769232 0.21153846153846154
1 0.25721153846153844 0.3701923076923077 0.19230769230769232 0.1778846153846154
1 0.6310096153846154 0.4879807692307692 0.14903846153846154 0.21875
1 0.7872596153846154 0.39903846153846156 0.14903846153846154 0.21875
1 0.8810096153846154 0.7908653846153846 0.14903846153846154 0.21875
1 0.5625 0.08774038461538461 0.16346153846153846 0.17067307692307693
1 0.6057692307692307 0.6923076923076923 0.15865384615384615 0.18990384615384615
1 0.47475961538461536 0.3137019230769231 0.16826923076923078 0.21153846153846154
1 0.06370192307692307 0.1935096153846154 0.12740384615384615 0.23798076923076922
1 0.9110576923076923 0.14423076923076922 0.17307692307692307 0.21634615384615385
2 0.2956730769230769 0.15264423076923078 0.33653846153846156 0.3004807692307692