1 0.2283653846153846 0.18028846153846154 0.28125 0.15625
1 0.08774038461538461 0.6730769230769231 0.17067307692307693 0.18028846153846154
1 0.1141826923076923 0.44711538461538464 0.21634615384615385 0.1875
1 0.375 0.8533653846153846 0.21634615384615385 0.1875
1 0.7079326923076923 0.36658653846153844 0.21634615384615385 0.1875
1 0.9026442307692307 0.23918269230769232 0.19230769230769232 0.18269230769230768
1 0.8497596153846154 0.5709134615384616 0.23798076923076922 0.17067307692307693
1 0.6598557692307693 0.15985576923076922 0.18269230769230768 0.1658653846153846
1 0.27283653846153844 0.3425480769230769 0.22596153846153846 0.16826923076923078
1 0.4807692307692308 0.2764423076923077 0.25961538461538464 0.22115384615384615
1 0.9122596153846154 0.8149038461538461 0.17067307692307693 0.17307692307692307
1 0.53125 0.9338942307692307 0.22115384615384615 0.12740384615384615
2 0.5144230769230769 0.5612980769230769 0.4326923076923077 0.3317307692307692
0 0.07091346153846154 0.13942307692307693 0.07932692307692307 0.057692307692307696