1 0.7307692307692307 0.3425480769230769 0.1778846153846154 0.23557692307692307
1 0.8485576923076923 0.16826923076923078 0.15625 0.23317307692307693
1 0.5925480769230769 0.2548076923076923 0.10817307692307693 0.21153846153846154
1 0.59375 0.4831730769230769 0.17548076923076922 0.23076923076923078
1 0.6237980769230769 0.6911057692307693 0.15384615384615385 0.20673076923076922
1 0.44471153846153844 0.6237980769230769 0.17307692307692307 0.21875
1 0.11177884615384616 0.8569711538461539 0.20192307692307693 0.24519230769230768
1 0.8846153846153846 0.5877403846153846 0.15865384615384615 0.21634615384615385
1 0.8365384615384616 0.7379807692307693 0.19230769230769232 0.2620192307692308
1 0.4266826923076923 0.3942307692307692 0.1658653846153846 0.21153846153846154
1 0.18509615384615385 0.18269230769230768 0.20673076923076922 0.1778846153846154
1 0.42788461538461536 0.09014423076923077 0.1778846153846154 0.1778846153846154
1 0.578125 0.08533653846153846 0.1466346153846154 0.16826923076923078
1 0.328125 0.8737980769230769 0.18509615384615385 0.24759615384615385
0 0.7451923076923077 0.7091346153846154 0.05048076923076923 0.06009615384615385
0 0.6538461538461539 0.8701923076923077 0.0673076923076923 0.08653846153846154
2 0.21995192307692307 0.5012019230769231 0.375 0.5384615384615384