1 0.11658653846153846 0.2848557692307692 0.16105769230769232 0.20673076923076922
1 0.41346153846153844 0.6634615384615384 0.12980769230769232 0.1778846153846154
1 0.8605769230769231 0.6069711538461539 0.16105769230769232 0.1971153846153846
1 0.26322115384615385 0.7932692307692307 0.16105769230769232 0.1971153846153846
1 0.8197115384615384 0.3786057692307692 0.16346153846153846 0.23076923076923078
1 0.9338942307692307 0.17427884615384615 0.12980769230769232 0.1778846153846154
1 0.8052884615384616 0.07932692307692307 0.15384615384615385 0.15384615384615385
1 0.5528846153846154 0.04927884615384615 0.16346153846153846 0.09375
1 0.33653846153846156 0.042067307692307696 0.15865384615384615 0.07932692307692307
1 0.06850961538461539 0.7848557692307693 0.1346153846153846 0.17067307692307693
2 0.4338942307692308 0.33052884615384615 0.24519230769230768 0.31009615384615385
1 0.25600961538461536 0.28125 0.12980769230769232 0.21153846153846154
1 0.23798076923076922 0.4483173076923077 0.12980769230769232 0.21153846153846154
1 0.6274038461538461 0.5661057692307693 0.13942307692307693 0.23076923076923078
1 0.5216346153846154 0.6862980769230769 0.14182692307692307 0.1971153846153846