2 0.6899038461538461 0.4338942307692308 0.22355769230769232 0.2692307692307692
2 0.4338942307692308 0.8786057692307693 0.23557692307692307 0.2403846153846154
1 0.6802884615384616 0.8978365384615384 0.16346153846153846 0.19951923076923078
1 0.8449519230769231 0.8473557692307693 0.16346153846153846 0.20192307692307693
1 0.7884615384615384 0.7692307692307693 0.16346153846153846 0.20192307692307693
1 0.40024038461538464 0.41947115384615385 0.16346153846153846 0.20192307692307693
1 0.28966346153846156 0.5805288461538461 0.1875 0.21153846153846154
1 0.09975961538461539 0.9110576923076923 0.17548076923076922 0.17307692307692307
1 0.06610576923076923 0.7536057692307693 0.12980769230769232 0.1778846153846154
1 0.09975961538461539 0.6213942307692307 0.16826923076923078 0.18269230769230768
1 0.11538461538461539 0.4879807692307692 0.16826923076923078 0.18269230769230768
1 0.08413461538461539 0.24879807692307693 0.16346153846153846 0.25721153846153844
1 0.18269230769230768 0.07451923076923077 0.21875 0.14423076923076922
0 0.5793269230769231 0.8401442307692307 0.0889423076923077 0.09375
0 0.7980769230769231 0.5588942307692307 0.057692307692307696 0.08653846153846154
0 0.4338942307692308 0.2692307692307692 0.057692307692307696 0.08653846153846154
0 0.3317307692307692 0.22716346153846154 0.057692307692307696 0.08653846153846154
1 0.4483173076923077 0.5408653846153846 0.16346153846153846 0.20192307692307693
1 0.5264423076923077 0.6514423076923077 0.16346153846153846 0.20192307692307693
1 0.8689903846153846 0.10336538461538461 0.1778846153846154 0.20192307692307693
1 0.9278846153846154 0.234375 0.13942307692307693 0.1971153846153846
1 0.8401442307692307 0.2283653846153846 0.14182692307692307 0.1971153846153846
1 0.9254807692307693 0.6418269230769231 0.14423076923076922 0.25961538461538464
1 0.296875 0.4807692307692308 0.1346153846153846 0.15865384615384615