1 0.5564903846153846 0.14783653846153846 0.22596153846153846 0.1346153846153846
1 0.3161057692307692 0.4230769230769231 0.22596153846153846 0.19230769230769232
1 0.5060096153846154 0.875 0.21153846153846154 0.13942307692307693
1 0.5564903846153846 0.7427884615384616 0.21634615384615385 0.16346153846153846
1 0.109375 0.6550480769230769 0.21394230769230768 0.18990384615384615
1 0.07451923076923077 0.49399038461538464 0.14903846153846154 0.19230769230769232
1 0.07451923076923077 0.29927884615384615 0.14903846153846154 0.14182692307692307
1 0.05889423076923077 0.16947115384615385 0.11538461538461539 0.125
1 0.7283653846153846 0.2536057692307692 0.17307692307692307 0.14903846153846154
1 0.9122596153846154 0.41225961538461536 0.17067307692307693 0.17307692307692307
1 0.9254807692307693 0.23798076923076922 0.14423076923076922 0.16105769230769232
1 0.9254807692307693 0.6346153846153846 0.14423076923076922 0.16105769230769232
1 0.15384615384615385 0.8425480769230769 0.20432692307692307 0.12980769230769232
1 0.3088942307692308 0.6730769230769231 0.19230769230769232 0.1466346153846154
1 0.7235576923076923 0.8245192307692307 0.20192307692307693 0.16105769230769232
2 0.6382211538461539 0.46875 0.3942307692307692 0.28125
0 0.35697115384615385 0.09495192307692307 0.12980769230769232 0.11057692307692307