2 0.3233173076923077 0.1778846153846154 0.39903846153846156 0.28365384615384615
2 0.24639423076923078 0.5853365384615384 0.4519230769230769 0.4230769230769231
1 0.4338942307692308 0.3401442307692308 0.24759615384615385 0.15865384615384615
1 0.6033653846153846 0.18629807692307693 0.21875 0.15865384615384615
1 0.734375 0.13221153846153846 0.18269230769230768 0.12980769230769232
1 0.5637019230769231 0.49399038461538464 0.18269230769230768 0.12980769230769232
1 0.5360576923076923 0.5504807692307693 0.18269230769230768 0.12980769230769232
1 0.765625 0.48197115384615385 0.18269230769230768 0.12980769230769232
1 0.7536057692307693 0.5444711538461539 0.18269230769230768 0.12980769230769232
1 0.7427884615384616 0.5949519230769231 0.18269230769230768 0.12980769230769232
1 0.9278846153846154 0.7860576923076923 0.13942307692307693 0.1466346153846154
1 0.9266826923076923 0.5805288461538461 0.14182692307692307 0.18028846153846154
1 0.9543269230769231 0.39903846153846156 0.08653846153846154 0.17307692307692307
1 0.9170673076923077 0.09014423076923077 0.16346153846153846 0.12980769230769232
1 0.7235576923076923 0.7379807692307693 0.21875 0.20673076923076922
1 0.3942307692307692 0.9362980769230769 0.23076923076923078 0.12259615384615384
1 0.5480769230769231 0.9447115384615384 0.18269230769230768 0.10576923076923077
1 0.7524038461538461 0.9411057692307693 0.1778846153846154 0.11298076923076923