1 0.6442307692307693 0.7379807692307693 0.19230769230769232 0.23317307692307693
1 0.9182692307692307 0.7223557692307693 0.16105769230769232 0.21634615384615385
1 0.22596153846153846 0.2091346153846154 0.16346153846153846 0.21634615384615385
1 0.3016826923076923 0.2548076923076923 0.16346153846153846 0.21634615384615385
1 0.38461538461538464 0.3629807692307692 0.1778846153846154 0.2692307692307692
1 0.609375 0.4110576923076923 0.1971153846153846 0.23557692307692307
1 0.7728365384615384 0.09975961538461539 0.16346153846153846 0.1971153846153846
1 0.6213942307692307 0.21514423076923078 0.1778846153846154 0.21153846153846154
1 0.4266826923076923 0.09014423076923077 0.16826923076923078 0.17548076923076922
1 0.4807692307692308 0.6442307692307693 0.1466346153846154 0.19230769230769232
1 0.4675480769230769 0.7740384615384616 0.15625 0.18990384615384615
1 0.4675480769230769 0.8786057692307693 0.15625 0.18990384615384615
1 0.2824519230769231 0.9026442307692307 0.15625 0.18990384615384615
1 0.8028846153846154 0.734375 0.16346153846153846 0.23557692307692307
2 0.12379807692307693 0.7512019230769231 0.24519230769230768 0.38461538461538464
0 0.2620192307692308 0.6466346153846154 0.057692307692307696 0.07692307692307693
0 0.5877403846153846 0.05889423076923077 0.052884615384615384 0.09134615384615384