1 0.35216346153846156 0.47475961538461536 0.17067307692307693 0.2403846153846154
1 0.3329326923076923 0.11538461538461539 0.16346153846153846 0.22596153846153846
1 0.5300480769230769 0.46875 0.19230769230769232 0.28846153846153844
1 0.17307692307692307 0.49158653846153844 0.16105769230769232 0.19951923076923078
1 0.22596153846153846 0.2800480769230769 0.14423076923076922 0.20192307692307693
1 0.6935096153846154 0.1466346153846154 0.15625 0.19230769230769232
1 0.8293269230769231 0.6466346153846154 0.18269230769230768 0.18269230769230768
1 0.6658653846153846 0.5685096153846154 0.13942307692307693 0.16346153846153846
1 0.6574519230769231 0.7067307692307693 0.13942307692307693 0.23557692307692307
1 0.052884615384615384 0.5564903846153846 0.10576923076923077 0.2860576923076923
1 0.7644230769230769 0.36538461538461536 0.18028846153846154 0.2620192307692308
2 0.4543269230769231 0.7680288461538461 0.33653846153846156 0.42788461538461536