1 0.47596153846153844 0.6322115384615384 0.1201923076923077 0.18990384615384615
1 0.1622596153846154 0.4483173076923077 0.1971153846153846 0.19951923076923078
1 0.35697115384615385 0.6213942307692307 0.16105769230769232 0.23076923076923078
1 0.6730769230769231 0.4723557692307692 0.20432692307692307 0.28846153846153844
1 0.8894230769230769 0.3161057692307692 0.10576923076923077 0.20432692307692307
1 0.20432692307692307 0.8016826923076923 0.10576923076923077 0.20432692307692307
1 0.11658653846153846 0.23557692307692307 0.11538461538461539 0.19951923076923078
1 0.9026442307692307 0.078125 0.1658653846153846 0.15144230769230768
1 0.5949519230769231 0.31490384615384615 0.16346153846153846 0.1875
2 0.3870192307692308 0.23076923076923078 0.30528846153846156 0.32211538461538464
0 0.7367788461538461 0.08052884615384616 0.04807692307692308 0.0673076923076923
1 0.33653846153846156 0.8040865384615384 0.15144230769230768 0.19951923076923078