1 0.5564903846153846 0.8521634615384616 0.22596153846153846 0.13701923076923078
1 0.3161057692307692 0.5769230769230769 0.22596153846153846 0.19230769230769232
1 0.5060096153846154 0.125 0.21153846153846154 0.13942307692307693
1 0.5564903846153846 0.25721153846153844 0.21634615384615385 0.16346153846153846
1 0.109375 0.3449519230769231 0.21394230769230768 0.18990384615384615
1 0.07451923076923077 0.5060096153846154 0.14903846153846154 0.19230769230769232
1 0.07451923076923077 0.7007211538461539 0.14903846153846154 0.14182692307692307
1 0.05889423076923077 0.8305288461538461 0.11538461538461539 0.125
1 0.7283653846153846 0.7463942307692307 0.17307692307692307 0.14903846153846154
1 0.9122596153846154 0.5877403846153846 0.17067307692307693 0.17307692307692307
1 0.9254807692307693 0.7620192307692307 0.14423076923076922 0.16105769230769232
1 0.9254807692307693 0.36538461538461536 0.14423076923076922 0.16105769230769232
1 0.15384615384615385 0.15745192307692307 0.20432692307692307 0.12980769230769232
1 0.3088942307692308 0.3269230769230769 0.19230769230769232 0.1466346153846154
1 0.7235576923076923 0.17548076923076922 0.20192307692307693 0.16105769230769232
2 0.6382211538461539 0.53125 0.3942307692307692 0.28125
0 0.35697115384615385 0.9050480769230769 0.12980769230769232 0.11057692307692307