1 0.640625 0.18629807692307693 0.18269230769230768 0.17307692307692307
1 0.3161057692307692 0.6899038461538461 0.25 0.17067307692307693
1 0.5588942307692307 0.9002403846153846 0.25 0.17067307692307693
1 0.2127403846153846 0.07211538461538461 0.25 0.14182692307692307
1 0.2608173076923077 0.21033653846153846 0.2403846153846154 0.18269230769230768
1 0.40865384615384615 0.18028846153846154 0.2403846153846154 0.18269230769230768
1 0.8329326923076923 0.08173076923076923 0.22596153846153846 0.16105769230769232
1 0.09134615384615384 0.5685096153846154 0.1778846153846154 0.17307692307692307
0 0.5192307692307693 0.06971153846153846 0.09615384615384616 0.07932692307692307
0 0.4855769230769231 0.3233173076923077 0.08173076923076923 0.07692307692307693
0 0.030048076923076924 0.08173076923076923 0.057692307692307696 0.0673076923076923
2 0.7247596153846154 0.5913461538461539 0.5456730769230769 0.4807692307692308