1 0.8978365384615384 0.7247596153846154 0.19951923076923078 0.18990384615384615
1 0.08533653846153846 0.6935096153846154 0.1658653846153846 0.18509615384615385
1 0.3870192307692308 0.07451923076923077 0.22115384615384615 0.14423076923076922
1 0.6911057692307693 0.90625 0.17307692307692307 0.18269230769230768
1 0.6201923076923077 0.6189903846153846 0.20192307692307693 0.19230769230769232
1 0.22355769230769232 0.8052884615384616 0.20192307692307693 0.19230769230769232
1 0.2536057692307692 0.5240384615384616 0.21634615384615385 0.1778846153846154
1 0.8317307692307693 0.1346153846153846 0.24519230769230768 0.1875
1 0.6682692307692307 0.07451923076923077 0.20192307692307693 0.13701923076923078
0 0.7764423076923077 0.5612980769230769 0.07692307692307693 0.057692307692307696
2 0.2608173076923077 0.2980769230769231 0.3798076923076923 0.3245192307692308