1 0.8641826923076923 0.8269230769230769 0.1971153846153846 0.21153846153846154
1 0.3245192307692308 0.6923076923076923 0.21634615384615385 0.2091346153846154
1 0.5612980769230769 0.4423076923076923 0.18990384615384615 0.19951923076923078
1 0.7043269230769231 0.2704326923076923 0.21634615384615385 0.15384615384615385
1 0.9086538461538461 0.18990384615384615 0.1778846153846154 0.16346153846153846
1 0.78125 0.4266826923076923 0.20673076923076922 0.16826923076923078
1 0.7295673076923077 0.5540865384615384 0.24519230769230768 0.19230769230769232
1 0.5276442307692307 0.6502403846153846 0.20673076923076922 0.16826923076923078
1 0.12139423076923077 0.12980769230769232 0.23798076923076922 0.14903846153846154
1 0.5120192307692307 0.7980769230769231 0.21153846153846154 0.15625
1 0.10576923076923077 0.6682692307692307 0.20673076923076922 0.16826923076923078
1 0.36658653846153844 0.06009615384615385 0.27403846153846156 0.11778846153846154
2 0.26322115384615385 0.36899038461538464 0.4519230769230769 0.3701923076923077