1 0.29086538461538464 0.6911057692307693 0.21634615384615385 0.20673076923076922
1 0.31009615384615385 0.5588942307692307 0.18028846153846154 0.19951923076923078
1 0.7463942307692307 0.6442307692307693 0.19230769230769232 0.21394230769230768
1 0.7151442307692307 0.18028846153846154 0.16346153846153846 0.20673076923076922
1 0.6754807692307693 0.1045673076923077 0.14903846153846154 0.20432692307692307
1 0.8930288461538461 0.40384615384615385 0.17067307692307693 0.2403846153846154
1 0.4362980769230769 0.2692307692307692 0.17067307692307693 0.2403846153846154
1 0.09134615384615384 0.6622596153846154 0.15865384615384615 0.24519230769230768
1 0.15264423076923078 0.3954326923076923 0.15865384615384615 0.23798076923076922
1 0.35216346153846156 0.33774038461538464 0.15865384615384615 0.23798076923076922
1 0.5084134615384616 0.7560096153846154 0.15865384615384615 0.23798076923076922
1 0.5168269230769231 0.5108173076923077 0.1875 0.2548076923076923
2 0.33653846153846156 0.8882211538461539 0.4423076923076923 0.21875
1 0.7572115384615384 0.8966346153846154 0.14423076923076922 0.20192307692307693
1 0.7163461538461539 0.7608173076923077 0.14423076923076922 0.20432692307692307
1 0.16346153846153846 0.11177884615384616 0.17307692307692307 0.21875