2 0.2764423076923077 0.17307692307692307 0.34134615384615385 0.34134615384615385
1 0.6189903846153846 0.15144230769230768 0.15625 0.19230769230769232
1 0.15504807692307693 0.5024038461538461 0.1466346153846154 0.25
1 0.7692307692307693 0.08533653846153846 0.13942307692307693 0.1658653846153846
1 0.7884615384615384 0.6418269230769231 0.1346153846153846 0.16826923076923078
1 0.7776442307692307 0.3016826923076923 0.1346153846153846 0.16826923076923078
1 0.7223557692307693 0.30649038461538464 0.14182692307692307 0.2091346153846154
1 0.5060096153846154 0.17427884615384615 0.14182692307692307 0.22596153846153846
1 0.9230769230769231 0.7692307692307693 0.14182692307692307 0.20192307692307693
1 0.8293269230769231 0.7091346153846154 0.14182692307692307 0.20192307692307693
1 0.6358173076923077 0.5588942307692307 0.09615384615384616 0.17067307692307693
1 0.5661057692307693 0.5336538461538461 0.10336538461538461 0.1971153846153846
1 0.5456730769230769 0.7632211538461539 0.18269230769230768 0.22596153846153846
1 0.5492788461538461 0.9278846153846154 0.16346153846153846 0.13942307692307693
1 0.6213942307692307 0.8293269230769231 0.16105769230769232 0.23317307692307693
1 0.2932692307692308 0.9002403846153846 0.16826923076923078 0.1971153846153846
1 0.07692307692307693 0.7896634615384616 0.15144230769230768 0.2620192307692308
1 0.3293269230769231 0.5588942307692307 0.14423076923076922 0.21634615384615385
1 0.8052884615384616 0.4495192307692308 0.15865384615384615 0.23076923076923078