1 0.19831730769230768 0.17067307692307693 0.16826923076923078 0.21634615384615385
1 0.1466346153846154 0.4026442307692308 0.1658653846153846 0.25240384615384615
1 0.4891826923076923 0.7944711538461539 0.1658653846153846 0.25240384615384615
1 0.24639423076923078 0.8425480769230769 0.15865384615384615 0.18509615384615385
1 0.3076923076923077 0.8677884615384616 0.15865384615384615 0.18509615384615385
1 0.0625 0.6646634615384616 0.1201923076923077 0.21634615384615385
1 0.6442307692307693 0.6286057692307693 0.14423076923076922 0.19951923076923078
1 0.7175480769230769 0.3894230769230769 0.16826923076923078 0.19951923076923078
1 0.7572115384615384 0.10096153846153846 0.16826923076923078 0.1971153846153846
1 0.5192307692307693 0.15384615384615385 0.16826923076923078 0.19951923076923078
1 0.8497596153846154 0.22355769230769232 0.17548076923076922 0.22596153846153846
2 0.43990384615384615 0.4675480769230769 0.3485576923076923 0.42788461538461536