1 0.2536057692307692 0.12860576923076922 0.24519230769230768 0.15865384615384615
1 0.8978365384615384 0.2548076923076923 0.19951923076923078 0.16346153846153846
1 0.23798076923076922 0.6286057692307693 0.25 0.16346153846153846
1 0.109375 0.7379807692307693 0.21634615384615385 0.1875
1 0.10096153846153846 0.9098557692307693 0.1971153846153846 0.1778846153846154
1 0.11057692307692307 0.4206730769230769 0.19951923076923078 0.1778846153846154
1 0.6454326923076923 0.8233173076923077 0.20432692307692307 0.16346153846153846
1 0.9074519230769231 0.7740384615384616 0.18028846153846154 0.14903846153846154
0 0.7860576923076923 0.14182692307692307 0.08653846153846154 0.07692307692307693
0 0.6838942307692307 0.6478365384615384 0.07692307692307693 0.052884615384615384
2 0.40384615384615385 0.44711538461538464 0.44711538461538464 0.35096153846153844
1 0.8978365384615384 0.46634615384615385 0.19951923076923078 0.17307692307692307
1 0.9158653846153846 0.11177884615384616 0.14423076923076922 0.16105769230769232