1 0.13822115384615385 0.21514423076923078 0.20192307692307693 0.1778846153846154
1 0.6358173076923077 0.1466346153846154 0.19230769230769232 0.15865384615384615
1 0.8353365384615384 0.6213942307692307 0.19230769230769232 0.15865384615384615
1 0.8497596153846154 0.23076923076923078 0.19230769230769232 0.15865384615384615
1 0.46274038461538464 0.38461538461538464 0.23076923076923078 0.15865384615384615
1 0.5973557692307693 0.703125 0.23076923076923078 0.15865384615384615
1 0.6850961538461539 0.9170673076923077 0.23076923076923078 0.16105769230769232
1 0.39783653846153844 0.9350961538461539 0.2283653846153846 0.125
1 0.39302884615384615 0.17067307692307693 0.21875 0.1346153846153846
1 0.49158653846153844 0.4951923076923077 0.23076923076923078 0.15865384615384615
1 0.6730769230769231 0.47596153846153844 0.23076923076923078 0.15865384615384615
1 0.8485576923076923 0.43149038461538464 0.20673076923076922 0.16105769230769232
2 0.27884615384615385 0.6201923076923077 0.4326923076923077 0.35096153846153844
0 0.8870192307692307 0.78125 0.06009615384615385 0.07211538461538461