1 0.31971153846153844 0.41586538461538464 0.21875 0.16826923076923078
1 0.38461538461538464 0.2620192307692308 0.21634615384615385 0.14903846153846154
1 0.5661057692307693 0.453125 0.21634615384615385 0.14903846153846154
1 0.6105769230769231 0.21995192307692307 0.22596153846153846 0.17307692307692307
1 0.6850961538461539 0.8822115384615384 0.22596153846153846 0.17307692307692307
1 0.8810096153846154 0.30408653846153844 0.22596153846153846 0.17307692307692307
1 0.671875 0.7127403846153846 0.23557692307692307 0.19951923076923078
1 0.625 0.6237980769230769 0.18269230769230768 0.25
1 0.3786057692307692 0.6730769230769231 0.20673076923076922 0.22115384615384615
1 0.2932692307692308 0.8064903846153846 0.22115384615384615 0.1778846153846154
1 0.08653846153846154 0.8317307692307693 0.16826923076923078 0.15865384615384615
2 0.14783653846153846 0.19110576923076922 0.29086538461538464 0.3004807692307692