1 0.3317307692307692 0.37259615384615385 0.18269230769230768 0.23076923076923078
1 0.2764423076923077 0.5925480769230769 0.15384615384615385 0.18990384615384615
1 0.1141826923076923 0.9038461538461539 0.19230769230769232 0.1875
1 0.7980769230769231 0.8365384615384616 0.15384615384615385 0.19230769230769232
1 0.8004807692307693 0.25240384615384615 0.15865384615384615 0.19951923076923078
1 0.5348557692307693 0.18990384615384615 0.17307692307692307 0.20673076923076922
1 0.11899038461538461 0.4699519230769231 0.21394230769230768 0.22115384615384615
1 0.07211538461538461 0.6826923076923077 0.13942307692307693 0.18990384615384615
1 0.7596153846153846 0.4495192307692308 0.15865384615384615 0.19951923076923078
1 0.6574519230769231 0.8425480769230769 0.17307692307692307 0.20192307692307693
2 0.47596153846153844 0.6574519230769231 0.3389423076923077 0.44711538461538464