1 0.890625 0.4963942307692308 0.1971153846153846 0.17067307692307693
1 0.6947115384615384 0.16826923076923078 0.1971153846153846 0.17067307692307693
1 0.10096153846153846 0.7331730769230769 0.1971153846153846 0.17307692307692307
1 0.6442307692307693 0.41586538461538464 0.23076923076923078 0.20192307692307693
1 0.78125 0.31971153846153844 0.18269230769230768 0.16826923076923078
1 0.9074519230769231 0.3581730769230769 0.18269230769230768 0.1778846153846154
1 0.7427884615384616 0.6394230769230769 0.1971153846153846 0.17067307692307693
1 0.6189903846153846 0.6634615384615384 0.23317307692307693 0.16105769230769232
1 0.265625 0.234375 0.2403846153846154 0.18269230769230768
1 0.0733173076923077 0.2668269230769231 0.14423076923076922 0.17067307692307693
1 0.08052884615384616 0.43149038461538464 0.15865384615384615 0.1971153846153846
1 0.5444711538461539 0.057692307692307696 0.21394230769230768 0.11057692307692307
1 0.1935096153846154 0.8665865384615384 0.1971153846153846 0.14182692307692307
1 0.5456730769230769 0.8221153846153846 0.27884615384615385 0.16105769230769232
0 0.13701923076923078 0.5661057692307693 0.08173076923076923 0.052884615384615384
2 0.36658653846153844 0.4567307692307692 0.39903846153846156 0.3269230769230769