2 0.7139423076923077 0.6538461538461539 0.25240384615384615 0.19951923076923078
1 0.31971153846153844 0.5504807692307693 0.21875 0.17307692307692307
1 0.7536057692307693 0.4639423076923077 0.21875 0.17307692307692307
1 0.3786057692307692 0.3737980769230769 0.1971153846153846 0.13942307692307693
1 0.28725961538461536 0.21875 0.1971153846153846 0.13942307692307693
1 0.25240384615384615 0.27524038461538464 0.1971153846153846 0.13942307692307693
1 0.12620192307692307 0.38341346153846156 0.22596153846153846 0.19471153846153846
1 0.4483173076923077 0.6129807692307693 0.18269230769230768 0.15384615384615385
1 0.20793269230769232 0.7644230769230769 0.23798076923076922 0.20192307692307693
1 0.9026442307692307 0.8365384615384616 0.18990384615384615 0.17307692307692307
1 0.8834134615384616 0.6502403846153846 0.16826923076923078 0.15625
1 0.90625 0.27884615384615385 0.18269230769230768 0.17307692307692307
1 0.6237980769230769 0.10576923076923077 0.18509615384615385 0.17307692307692307
1 0.4963942307692308 0.09975961538461539 0.18509615384615385 0.17307692307692307
1 0.38100961538461536 0.07451923076923077 0.20432692307692307 0.14423076923076922
1 0.6887019230769231 0.20192307692307693 0.20192307692307693 0.1466346153846154
1 0.7632211538461539 0.2848557692307692 0.20192307692307693 0.1466346153846154
1 0.6201923076923077 0.2692307692307692 0.20192307692307693 0.1466346153846154
1 0.5661057692307693 0.2692307692307692 0.20673076923076922 0.16346153846153846
1 0.5625 0.3076923076923077 0.20673076923076922 0.16346153846153846
1 0.5168269230769231 0.3713942307692308 0.20673076923076922 0.16346153846153846
1 0.3954326923076923 0.8269230769230769 0.21634615384615385 0.19230769230769232
1 0.07692307692307693 0.19110576923076922 0.14903846153846154 0.19951923076923078
1 0.11899038461538461 0.9290865384615384 0.23798076923076922 0.13701923076923078
0 0.7331730769230769 0.8112980769230769 0.09615384615384616 0.06009615384615385