1 0.8677884615384616 0.5504807692307693 0.17307692307692307 0.19951923076923078
1 0.9050480769230769 0.8245192307692307 0.15144230769230768 0.20432692307692307
1 0.8737980769230769 0.1622596153846154 0.17548076923076922 0.20673076923076922
1 0.7427884615384616 0.23317307692307693 0.17548076923076922 0.20673076923076922
1 0.6634615384615384 0.3737980769230769 0.18028846153846154 0.25240384615384615
1 0.5372596153846154 0.18028846153846154 0.15144230769230768 0.1971153846153846
1 0.37259615384615385 0.2980769230769231 0.16105769230769232 0.1875
1 0.390625 0.7644230769230769 0.19230769230769232 0.23076923076923078
1 0.6322115384615384 0.8942307692307693 0.20192307692307693 0.20673076923076922
1 0.6526442307692307 0.6742788461538461 0.17067307692307693 0.19230769230769232
1 0.6129807692307693 0.6021634615384616 0.13942307692307693 0.16346153846153846
1 0.2764423076923077 0.9194711538461539 0.23557692307692307 0.15625
1 0.09254807692307693 0.4567307692307692 0.1778846153846154 0.16826923076923078
1 0.20072115384615385 0.6598557692307693 0.12980769230769232 0.17307692307692307
1 0.12740384615384615 0.6923076923076923 0.14903846153846154 0.22115384615384615
2 0.13221153846153846 0.20432692307692307 0.25961538461538464 0.38461538461538464
0 0.3004807692307692 0.44471153846153844 0.10817307692307693 0.15384615384615385
0 0.8581730769230769 0.71875 0.06971153846153846 0.09134615384615384
0 0.7848557692307693 0.9074519230769231 0.08173076923076923 0.08173076923076923