1 0.8509615384615384 0.5408653846153846 0.20192307692307693 0.19471153846153846
1 0.9326923076923077 0.8990384615384616 0.12980769230769232 0.18990384615384615
1 0.8052884615384616 0.7752403846153846 0.16346153846153846 0.21634615384615385
1 0.13581730769230768 0.22355769230769232 0.1778846153846154 0.25721153846153844
1 0.36778846153846156 0.2536057692307692 0.18990384615384615 0.31009615384615385
1 0.0673076923076923 0.39903846153846156 0.12980769230769232 0.23557692307692307
1 0.08413461538461539 0.8701923076923077 0.16346153846153846 0.2548076923076923
1 0.38221153846153844 0.6033653846153846 0.1778846153846154 0.2548076923076923
1 0.3737980769230769 0.8713942307692307 0.1778846153846154 0.2548076923076923
1 0.5757211538461539 0.3870192307692308 0.21634615384615385 0.3076923076923077
2 0.5973557692307693 0.8161057692307693 0.34615384615384615 0.36538461538461536