1 0.31971153846153844 0.7307692307692307 0.19951923076923078 0.27403846153846156
1 0.24519230769230768 0.3401442307692308 0.19471153846153846 0.2091346153846154
1 0.7608173076923077 0.5372596153846154 0.18269230769230768 0.19951923076923078
1 0.45913461538461536 0.5024038461538461 0.1658653846153846 0.1875
1 0.3870192307692308 0.9254807692307693 0.19951923076923078 0.14423076923076922
1 0.7824519230769231 0.7764423076923077 0.15865384615384615 0.21153846153846154
1 0.08413461538461539 0.8449519230769231 0.16346153846153846 0.21875
1 0.16826923076923078 0.6646634615384616 0.15625 0.2548076923076923
1 0.09975961538461539 0.0733173076923077 0.1466346153846154 0.14182692307692307
1 0.6598557692307693 0.8894230769230769 0.13942307692307693 0.20673076923076922
0 0.8245192307692307 0.109375 0.07692307692307693 0.09134615384615384
2 0.47716346153846156 0.22235576923076922 0.3918269230769231 0.4423076923076923