1 0.25240384615384615 0.16826923076923078 0.22115384615384615 0.17067307692307693
1 0.453125 0.054086538461538464 0.24759615384615385 0.10576923076923077
1 0.6526442307692307 0.33774038461538464 0.22115384615384615 0.17067307692307693
1 0.7091346153846154 0.25841346153846156 0.2403846153846154 0.17307692307692307
1 0.90625 0.3088942307692308 0.18269230769230768 0.1466346153846154
1 0.90625 0.453125 0.18269230769230768 0.1466346153846154
1 0.4699519230769231 0.8762019230769231 0.20192307692307693 0.16346153846153846
1 0.6802884615384616 0.8293269230769231 0.20192307692307693 0.16346153846153846
1 0.6033653846153846 0.6682692307692307 0.20192307692307693 0.16346153846153846
1 0.4026442307692308 0.4675480769230769 0.21634615384615385 0.19230769230769232
1 0.45072115384615385 0.36538461538461536 0.21634615384615385 0.18028846153846154
1 0.19951923076923078 0.3233173076923077 0.2692307692307692 0.15384615384615385
1 0.17548076923076922 0.5348557692307693 0.24759615384615385 0.11057692307692307
1 0.8401442307692307 0.5997596153846154 0.3173076923076923 0.21153846153846154
2 0.27283653846153844 0.703125 0.4206730769230769 0.35096153846153844