1 0.6706730769230769 0.7572115384615384 0.1971153846153846 0.17067307692307693
1 0.6526442307692307 0.5925480769230769 0.18990384615384615 0.15865384615384615
1 0.14302884615384615 0.6935096153846154 0.18990384615384615 0.15865384615384615
1 0.8449519230769231 0.15264423076923078 0.25961538461538464 0.1875
1 0.8834134615384616 0.5240384615384616 0.23076923076923078 0.23076923076923078
1 0.47836538461538464 0.35336538461538464 0.19230769230769232 0.17307692307692307
1 0.26322115384615385 0.41346153846153844 0.17307692307692307 0.125
1 0.18870192307692307 0.5721153846153846 0.16346153846153846 0.15384615384615385
1 0.2091346153846154 0.8846153846153846 0.23557692307692307 0.1875
1 0.6838942307692307 0.45552884615384615 0.22115384615384615 0.17067307692307693
1 0.8473557692307693 0.7355769230769231 0.23076923076923078 0.15865384615384615
2 0.38461538461538464 0.5348557692307693 0.24759615384615385 0.21153846153846154