1 0.6310096153846154 0.7007211538461539 0.23317307692307693 0.18028846153846154
1 0.24639423076923078 0.35336538461538464 0.23317307692307693 0.18028846153846154
1 0.7151442307692307 0.27884615384615385 0.23317307692307693 0.18028846153846154
1 0.49278846153846156 0.4362980769230769 0.24519230769230768 0.11538461538461539
1 0.39302884615384615 0.6802884615384616 0.2403846153846154 0.19230769230769232
1 0.8713942307692307 0.4855769230769231 0.22596153846153846 0.16826923076923078
1 0.8377403846153846 0.6754807692307693 0.20432692307692307 0.19951923076923078
1 0.5564903846153846 0.13221153846153846 0.23317307692307693 0.18028846153846154
1 0.890625 0.1658653846153846 0.21394230769230768 0.15865384615384615
1 0.07692307692307693 0.4014423076923077 0.14903846153846154 0.18269230769230768
1 0.4891826923076923 0.5084134615384616 0.23076923076923078 0.18028846153846154
1 0.828125 0.8016826923076923 0.20192307692307693 0.19230769230769232
2 0.16706730769230768 0.6237980769230769 0.3293269230769231 0.3389423076923077