1 0.14182692307692307 0.6286057692307693 0.15384615384615385 0.24759615384615385
1 0.16105769230769232 0.2403846153846154 0.15384615384615385 0.24759615384615385
1 0.30528846153846156 0.6754807692307693 0.15384615384615385 0.24759615384615385
1 0.7884615384615384 0.7692307692307693 0.17307692307692307 0.24519230769230768
1 0.3942307692307692 0.4110576923076923 0.16346153846153846 0.23076923076923078
1 0.4050480769230769 0.21514423076923078 0.16826923076923078 0.18269230769230768
1 0.9038461538461539 0.5925480769230769 0.15384615384615385 0.19471153846153846
1 0.4326923076923077 0.8918269230769231 0.1778846153846154 0.21153846153846154
1 0.2848557692307692 0.9098557692307693 0.15625 0.1778846153846154
1 0.6129807692307693 0.36778846153846156 0.1971153846153846 0.1971153846153846
1 0.5396634615384616 0.0889423076923077 0.17067307692307693 0.17307692307692307
2 0.5649038461538461 0.6526442307692307 0.3605769230769231 0.4254807692307692
0 0.90625 0.734375 0.05048076923076923 0.08173076923076923