1 0.16466346153846154 0.0985576923076923 0.17067307692307693 0.18990384615384615
1 0.3737980769230769 0.5348557692307693 0.16826923076923078 0.2403846153846154
1 0.1622596153846154 0.8569711538461539 0.12980769230769232 0.22596153846153846
1 0.07692307692307693 0.2824519230769231 0.12980769230769232 0.22596153846153846
1 0.3173076923076923 0.8557692307692307 0.16826923076923078 0.2403846153846154
1 0.375 0.10096153846153846 0.1658653846153846 0.1971153846153846
1 0.8149038461538461 0.27884615384615385 0.1971153846153846 0.23798076923076922
1 0.5144230769230769 0.16346153846153846 0.1778846153846154 0.21153846153846154
1 0.8966346153846154 0.5180288461538461 0.19230769230769232 0.21153846153846154
1 0.2848557692307692 0.46875 0.17067307692307693 0.25
1 0.28725961538461536 0.6574519230769231 0.15144230769230768 0.21634615384615385
2 0.8233173076923077 0.8449519230769231 0.35096153846153844 0.3076923076923077
0 0.16826923076923078 0.421875 0.07211538461538461 0.08653846153846154