1 0.1814903846153846 0.055288461538461536 0.19951923076923078 0.10817307692307693
1 0.32572115384615385 0.140625 0.21875 0.1658653846153846
1 0.4387019230769231 0.2776442307692308 0.21875 0.1658653846153846
1 0.12620192307692307 0.30528846153846156 0.21875 0.1658653846153846
1 0.2848557692307692 0.41586538461538464 0.1971153846153846 0.15144230769230768
1 0.11899038461538461 0.515625 0.23076923076923078 0.1466346153846154
1 0.36658653846153844 0.7740384615384616 0.22596153846153846 0.1778846153846154
1 0.6081730769230769 0.7295673076923077 0.23076923076923078 0.17548076923076922
1 0.7836538461538461 0.19110576923076922 0.23076923076923078 0.16346153846153846
1 0.8581730769230769 0.7536057692307693 0.23076923076923078 0.16346153846153846
1 0.34975961538461536 0.5877403846153846 0.22596153846153846 0.1778846153846154
1 0.09975961538461539 0.7355769230769231 0.19471153846153846 0.16346153846153846
1 0.19951923076923078 0.9362980769230769 0.22596153846153846 0.125
2 0.6935096153846154 0.42788461538461536 0.46634615384615385 0.3605769230769231
0 0.6057692307692307 0.8725961538461539 0.14423076923076922 0.125
0 0.9603365384615384 0.84375 0.07451923076923077 0.07211538461538461