1 0.6911057692307693 0.7091346153846154 0.20673076923076922 0.21634615384615385
1 0.5588942307692307 0.6899038461538461 0.19951923076923078 0.18028846153846154
1 0.6442307692307693 0.2536057692307692 0.21153846153846154 0.19230769230769232
1 0.18028846153846154 0.2848557692307692 0.20673076923076922 0.16346153846153846
1 0.1045673076923077 0.3245192307692308 0.20432692307692307 0.14903846153846154
1 0.40384615384615385 0.10697115384615384 0.2403846153846154 0.17067307692307693
1 0.2692307692307692 0.5637019230769231 0.2403846153846154 0.17067307692307693
1 0.6622596153846154 0.9086538461538461 0.24519230769230768 0.15865384615384615
1 0.3954326923076923 0.8473557692307693 0.23798076923076922 0.15865384615384615
1 0.33774038461538464 0.6478365384615384 0.23798076923076922 0.15865384615384615
1 0.7560096153846154 0.49158653846153844 0.23798076923076922 0.15865384615384615
1 0.5108173076923077 0.4831730769230769 0.2548076923076923 0.1875
2 0.8882211538461539 0.6634615384615384 0.21875 0.4423076923076923
1 0.8966346153846154 0.24278846153846154 0.20192307692307693 0.14423076923076922
1 0.7608173076923077 0.28365384615384615 0.20432692307692307 0.14423076923076922
1 0.11177884615384616 0.8365384615384616 0.21875 0.17307692307692307