1 0.5564903846153846 0.8713942307692307 0.17067307692307693 0.23076923076923078
1 0.5108173076923077 0.4182692307692308 0.17307692307692307 0.22596153846153846
1 0.7932692307692307 0.4170673076923077 0.17307692307692307 0.22596153846153846
1 0.75 0.7079326923076923 0.22596153846153846 0.34134615384615385
1 0.1658653846153846 0.24639423076923078 0.20192307692307693 0.24519230769230768
1 0.2848557692307692 0.31971153846153844 0.1778846153846154 0.22355769230769232
1 0.6658653846153846 0.23317307692307693 0.17307692307692307 0.22596153846153846
1 0.16346153846153846 0.41346153846153844 0.1778846153846154 0.22355769230769232
1 0.8966346153846154 0.23798076923076922 0.17307692307692307 0.22596153846153846
2 0.44471153846153844 0.13341346153846154 0.2692307692307692 0.2620192307692308
0 0.6862980769230769 0.5276442307692307 0.0673076923076923 0.07692307692307693
0 0.7872596153846154 0.9639423076923077 0.0673076923076923 0.0673076923076923