1 0.25240384615384615 0.6177884615384616 0.21634615384615385 0.14423076923076922
1 0.35216346153846156 0.9278846153846154 0.21634615384615385 0.14182692307692307
1 0.12860576923076922 0.7704326923076923 0.25240384615384615 0.2091346153846154
1 0.47716346153846156 0.6189903846153846 0.2403846153846154 0.15144230769230768
1 0.9194711538461539 0.6021634615384616 0.15625 0.15384615384615385
1 0.7932692307692307 0.7439903846153846 0.23557692307692307 0.19471153846153846
1 0.3870192307692308 0.1935096153846154 0.21153846153846154 0.15384615384615385
1 0.5384615384615384 0.09495192307692307 0.2548076923076923 0.18509615384615385
1 0.5252403846153846 0.33653846153846156 0.21153846153846154 0.15865384615384615
1 0.8918269230769231 0.42427884615384615 0.21153846153846154 0.19471153846153846
1 0.21033653846153846 0.36778846153846156 0.22596153846153846 0.1778846153846154
0 0.20673076923076922 0.17067307692307693 0.08173076923076923 0.057692307692307696
2 0.8197115384615384 0.17067307692307693 0.3557692307692308 0.33653846153846156