2 0.3629807692307692 0.6502403846153846 0.2403846153846154 0.21153846153846154
0 0.5288461538461539 0.7415865384615384 0.10096153846153846 0.07932692307692307
1 0.7115384615384616 0.15264423076923078 0.2403846153846154 0.1778846153846154
1 0.35336538461538464 0.27403846153846156 0.18990384615384615 0.12980769230769232
1 0.18269230769230768 0.06610576923076923 0.18990384615384615 0.12980769230769232
1 0.22355769230769232 0.32572115384615385 0.2403846153846154 0.1971153846153846
1 0.18870192307692307 0.49278846153846156 0.2403846153846154 0.1971153846153846
1 0.5480769230769231 0.33653846153846156 0.19230769230769232 0.17307692307692307
1 0.7836538461538461 0.32572115384615385 0.25 0.16826923076923078
1 0.671875 0.6418269230769231 0.22115384615384615 0.15384615384615385
1 0.5925480769230769 0.8329326923076923 0.22115384615384615 0.15384615384615385
1 0.5925480769230769 0.9314903846153846 0.2980769230769231 0.1346153846153846
1 0.39663461538461536 0.4879807692307692 0.22115384615384615 0.15384615384615385
1 0.6237980769230769 0.4831730769230769 0.22115384615384615 0.15384615384615385
1 0.8786057692307693 0.5132211538461539 0.23798076923076922 0.20432692307692307
1 0.9182692307692307 0.6814903846153846 0.15865384615384615 0.15625
1 0.8870192307692307 0.1814903846153846 0.22115384615384615 0.22115384615384615
1 0.38341346153846156 0.9459134615384616 0.23076923076923078 0.10576923076923077
1 0.8870192307692307 0.859375 0.22115384615384615 0.15384615384615385