1 0.42908653846153844 0.6286057692307693 0.18269230769230768 0.23076923076923078
1 0.27163461538461536 0.21033653846153846 0.20432692307692307 0.23798076923076922
1 0.6550480769230769 0.22596153846153846 0.18269230769230768 0.2403846153846154
1 0.8221153846153846 0.31850961538461536 0.18028846153846154 0.25
1 0.8317307692307693 0.5252403846153846 0.19230769230769232 0.2548076923076923
1 0.7151442307692307 0.7764423076923077 0.1971153846153846 0.19230769230769232
1 0.5504807692307693 0.4375 0.1875 0.23798076923076922
1 0.6598557692307693 0.5745192307692307 0.20673076923076922 0.21153846153846154
1 0.23798076923076922 0.4567307692307692 0.16105769230769232 0.20673076923076922
1 0.43990384615384615 0.07692307692307693 0.19471153846153846 0.14903846153846154
1 0.16346153846153846 0.44471153846153844 0.13942307692307693 0.2644230769230769
2 0.44591346153846156 0.8689903846153846 0.3629807692307692 0.25721153846153844