1 0.5504807692307693 0.13221153846153846 0.19951923076923078 0.17307692307692307
1 0.8245192307692307 0.09495192307692307 0.20432692307692307 0.15144230769230768
1 0.1622596153846154 0.12620192307692307 0.20673076923076922 0.17548076923076922
1 0.23317307692307693 0.25721153846153844 0.20673076923076922 0.17548076923076922
1 0.3737980769230769 0.33653846153846156 0.25240384615384615 0.18028846153846154
1 0.18028846153846154 0.46274038461538464 0.1971153846153846 0.15144230769230768
1 0.2980769230769231 0.6274038461538461 0.1875 0.16105769230769232
1 0.7644230769230769 0.609375 0.23076923076923078 0.19230769230769232
1 0.8942307692307693 0.36778846153846156 0.20673076923076922 0.20192307692307693
1 0.6742788461538461 0.3473557692307692 0.19230769230769232 0.17067307692307693
1 0.6021634615384616 0.3870192307692308 0.16346153846153846 0.13942307692307693
1 0.9194711538461539 0.7235576923076923 0.15625 0.23557692307692307
1 0.4567307692307692 0.9074519230769231 0.16826923076923078 0.1778846153846154
1 0.6598557692307693 0.7992788461538461 0.17307692307692307 0.12980769230769232
1 0.6923076923076923 0.8725961538461539 0.22115384615384615 0.14903846153846154
2 0.20432692307692307 0.8677884615384616 0.38461538461538464 0.25961538461538464
0 0.44471153846153844 0.6995192307692307 0.15384615384615385 0.10817307692307693
0 0.71875 0.14182692307692307 0.09134615384615384 0.06971153846153846
0 0.9074519230769231 0.21514423076923078 0.08173076923076923 0.08173076923076923