2 0.1346153846153846 0.6105769230769231 0.2644230769230769 0.25
1 0.3076923076923077 0.21995192307692307 0.24519230769230768 0.16105769230769232
1 0.359375 0.49399038461538464 0.24519230769230768 0.16105769230769232
1 0.5144230769230769 0.3894230769230769 0.2956730769230769 0.14423076923076922
1 0.5216346153846154 0.2439903846153846 0.23076923076923078 0.14903846153846154
1 0.359375 0.6850961538461539 0.23076923076923078 0.14903846153846154
1 0.6370192307692307 0.6622596153846154 0.23076923076923078 0.14903846153846154
1 0.8689903846153846 0.5721153846153846 0.25 0.16346153846153846
1 0.7680288461538461 0.1310096153846154 0.24759615384615385 0.18269230769230768
1 0.10216346153846154 0.8605769230769231 0.19951923076923078 0.16826923076923078
1 0.4098557692307692 0.9495192307692307 0.21875 0.09615384615384616
1 0.6694711538461539 0.9435096153846154 0.29086538461538464 0.10817307692307693
1 0.7836538461538461 0.8449519230769231 0.21153846153846154 0.1466346153846154
1 0.8245192307692307 0.7151442307692307 0.2548076923076923 0.18509615384615385
1 0.6021634615384616 0.09495192307692307 0.23076923076923078 0.12980769230769232
1 0.5300480769230769 0.8365384615384616 0.24519230769230768 0.16105769230769232