1 0.9182692307692307 0.5612980769230769 0.12980769230769232 0.1971153846153846
1 0.5396634615384616 0.45072115384615385 0.16105769230769232 0.2644230769230769
1 0.17427884615384615 0.6117788461538461 0.16105769230769232 0.2644230769230769
1 0.26322115384615385 0.21153846153846154 0.17307692307692307 0.25961538461538464
1 0.3245192307692308 0.5721153846153846 0.14903846153846154 0.21153846153846154
1 0.31490384615384615 0.8401442307692307 0.14903846153846154 0.21153846153846154
1 0.9314903846153846 0.24639423076923078 0.1346153846153846 0.20673076923076922
1 0.05889423076923077 0.7475961538461539 0.11298076923076923 0.21153846153846154
2 0.6574519230769231 0.6862980769230769 0.2644230769230769 0.24519230769230768
0 0.5637019230769231 0.20432692307692307 0.0625 0.07451923076923077
0 0.23197115384615385 0.43149038461538464 0.0625 0.07451923076923077