1 0.7692307692307693 0.0829326923076923 0.20673076923076922 0.16346153846153846
1 0.4375 0.38341346153846156 0.13701923076923078 0.22596153846153846
1 0.49038461538461536 0.609375 0.14182692307692307 0.19230769230769232
1 0.3112980769230769 0.1045673076923077 0.14182692307692307 0.19230769230769232
1 0.2860576923076923 0.8377403846153846 0.15144230769230768 0.19230769230769232
1 0.06370192307692307 0.43028846153846156 0.12740384615384615 0.19230769230769232
1 0.11778846153846154 0.15144230769230768 0.12740384615384615 0.19230769230769232
1 0.16346153846153846 0.9086538461538461 0.14182692307692307 0.17067307692307693
1 0.859375 0.7319711538461539 0.13701923076923078 0.23557692307692307
1 0.7776442307692307 0.3137019230769231 0.14903846153846154 0.21634615384615385
1 0.6394230769230769 0.26802884615384615 0.14182692307692307 0.1778846153846154
1 0.7584134615384616 0.515625 0.1778846153846154 0.21634615384615385
1 0.6418269230769231 0.6526442307692307 0.13221153846153846 0.19230769230769232
1 0.6009615384615384 0.7620192307692307 0.14182692307692307 0.1875
1 0.7115384615384616 0.8245192307692307 0.16826923076923078 0.20673076923076922
2 0.27884615384615385 0.5360576923076923 0.27403846153846156 0.3173076923076923
0 0.5805288461538461 0.8882211538461539 0.0625 0.08653846153846154