1 0.20552884615384615 0.7247596153846154 0.13942307692307693 0.19951923076923078
1 0.5588942307692307 0.48197115384615385 0.18269230769230768 0.21634615384615385
1 0.9314903846153846 0.5745192307692307 0.1346153846153846 0.19471153846153846
1 0.8762019230769231 0.4026442307692308 0.16346153846153846 0.21634615384615385
1 0.8629807692307693 0.10576923076923077 0.1658653846153846 0.20673076923076922
1 0.7908653846153846 0.234375 0.1658653846153846 0.21153846153846154
1 0.9158653846153846 0.22596153846153846 0.16346153846153846 0.21153846153846154
1 0.7283653846153846 0.6057692307692307 0.18269230769230768 0.21634615384615385
1 0.5841346153846154 0.8858173076923077 0.13942307692307693 0.1971153846153846
1 0.8401442307692307 0.9134615384615384 0.1466346153846154 0.16826923076923078
1 0.7067307692307693 0.9134615384615384 0.14903846153846154 0.16826923076923078
1 0.08173076923076923 0.9134615384615384 0.14903846153846154 0.16826923076923078
1 0.30288461538461536 0.15865384615384615 0.12980769230769232 0.22115384615384615
2 0.10576923076923077 0.17067307692307693 0.19471153846153846 0.3004807692307692
0 0.5540865384615384 0.1141826923076923 0.07211538461538461 0.08173076923076923