2 0.34975961538461536 0.6370192307692307 0.21153846153846154 0.2403846153846154
0 0.25841346153846156 0.47115384615384615 0.07932692307692307 0.10096153846153846
1 0.8473557692307693 0.28846153846153844 0.1778846153846154 0.2403846153846154
1 0.7259615384615384 0.6466346153846154 0.12980769230769232 0.18990384615384615
1 0.9338942307692307 0.8173076923076923 0.12980769230769232 0.18990384615384615
1 0.6742788461538461 0.7764423076923077 0.1971153846153846 0.2403846153846154
1 0.5072115384615384 0.8112980769230769 0.19951923076923078 0.2403846153846154
1 0.6634615384615384 0.4519230769230769 0.17307692307692307 0.19230769230769232
1 0.6742788461538461 0.21634615384615385 0.16826923076923078 0.25
1 0.3581730769230769 0.328125 0.15384615384615385 0.22115384615384615
1 0.16706730769230768 0.4074519230769231 0.15384615384615385 0.22355769230769232
1 0.06850961538461539 0.4074519230769231 0.1346153846153846 0.2980769230769231
1 0.5120192307692307 0.6033653846153846 0.15384615384615385 0.22115384615384615
1 0.5168269230769231 0.3762019230769231 0.15384615384615385 0.22115384615384615
1 0.48677884615384615 0.12139423076923077 0.20432692307692307 0.23798076923076922
1 0.31850961538461536 0.08173076923076923 0.15865384615384615 0.15865384615384615
1 0.8185096153846154 0.11298076923076923 0.22115384615384615 0.22355769230769232
1 0.054086538461538464 0.6165865384615384 0.10576923076923077 0.2283653846153846
1 0.140625 0.11298076923076923 0.15384615384615385 0.22115384615384615