2 0.7043269230769231 0.75 0.2860576923076923 0.3581730769230769
1 0.4807692307692308 0.6394230769230769 0.17307692307692307 0.25
1 0.3076923076923077 0.7043269230769231 0.17307692307692307 0.25
1 0.4362980769230769 0.36899038461538464 0.17307692307692307 0.25
1 0.6274038461538461 0.3245192307692308 0.16346153846153846 0.23557692307692307
1 0.4387019230769231 0.12139423076923077 0.19951923076923078 0.2403846153846154
1 0.10216346153846154 0.5733173076923077 0.19951923076923078 0.2403846153846154
1 0.8149038461538461 0.06971153846153846 0.1778846153846154 0.1346153846153846
1 0.8605769230769231 0.9194711538461539 0.16346153846153846 0.15625
1 0.8858173076923077 0.5841346153846154 0.13701923076923078 0.19951923076923078
1 0.1502403846153846 0.921875 0.15625 0.15384615384615385
1 0.054086538461538464 0.3641826923076923 0.10336538461538461 0.17067307692307693
1 0.09254807692307693 0.15985576923076922 0.18028846153846154 0.2091346153846154
1 0.9026442307692307 0.4230769230769231 0.1466346153846154 0.23798076923076922
0 0.7632211538461539 0.34134615384615385 0.0625 0.10096153846153846
1 0.36658653846153844 0.8846153846153846 0.19471153846153846 0.22596153846153846
1 0.5985576923076923 0.40384615384615385 0.14903846153846154 0.17067307692307693
1 0.6490384615384616 0.4579326923076923 0.14903846153846154 0.17067307692307693