1 0.8942307692307693 0.5192307692307693 0.16105769230769232 0.22596153846153846
1 0.7824519230769231 0.7415865384615384 0.19951923076923078 0.23317307692307693
1 0.10817307692307693 0.33413461538461536 0.17307692307692307 0.21875
1 0.3425480769230769 0.34375 0.15144230769230768 0.25
1 0.6346153846153846 0.5408653846153846 0.19471153846153846 0.22596153846153846
1 0.3269230769230769 0.7704326923076923 0.15144230769230768 0.25
1 0.48677884615384615 0.7848557692307693 0.15625 0.2692307692307692
1 0.21995192307692307 0.09615384615384616 0.16346153846153846 0.1875
1 0.6177884615384616 0.9266826923076923 0.13942307692307693 0.14182692307692307
1 0.36778846153846156 0.0889423076923077 0.15384615384615385 0.17307692307692307
1 0.8978365384615384 0.06850961538461539 0.18028846153846154 0.1346153846153846
1 0.04807692307692308 0.5877403846153846 0.09134615384615384 0.2091346153846154
1 0.9326923076923077 0.8990384615384616 0.12980769230769232 0.20192307692307693