2 0.6213942307692307 0.6862980769230769 0.3557692307692308 0.2932692307692308
1 0.5432692307692307 0.8689903846153846 0.2548076923076923 0.13221153846153846
1 0.22355769230769232 0.27884615384615385 0.2403846153846154 0.16105769230769232
1 0.18870192307692307 0.10096153846153846 0.2403846153846154 0.16105769230769232
1 0.15504807692307693 0.19951923076923078 0.2403846153846154 0.16105769230769232
1 0.08653846153846154 0.5552884615384616 0.16826923076923078 0.18269230769230768
1 0.08653846153846154 0.7019230769230769 0.16826923076923078 0.18269230769230768
1 0.15264423076923078 0.7139423076923077 0.17067307692307693 0.18269230769230768
1 0.5901442307692307 0.33653846153846156 0.19230769230769232 0.16105769230769232
1 0.4951923076923077 0.1502403846153846 0.19230769230769232 0.16105769230769232
1 0.46274038461538464 0.4338942307692308 0.23798076923076922 0.20432692307692307
1 0.8016826923076923 0.10336538461538461 0.1971153846153846 0.12980769230769232
1 0.6069711538461539 0.9555288461538461 0.27884615384615385 0.08653846153846154
1 0.9026442307692307 0.7463942307692307 0.19230769230769232 0.23317307692307693
1 0.38822115384615385 0.5721153846153846 0.1778846153846154 0.1346153846153846
1 0.3125 0.6610576923076923 0.19230769230769232 0.1658653846153846
1 0.6262019230769231 0.41947115384615385 0.19230769230769232 0.16105769230769232