1 0.8004807692307693 0.6550480769230769 0.23317307692307693 0.15865384615384615
1 0.5588942307692307 0.8185096153846154 0.23317307692307693 0.15865384615384615
1 0.3088942307692308 0.7932692307692307 0.22596153846153846 0.19230769230769232
1 0.13942307692307693 0.9158653846153846 0.20673076923076922 0.16346153846153846
1 0.11538461538461539 0.7163461538461539 0.22596153846153846 0.16826923076923078
1 0.6862980769230769 0.9350961538461539 0.22355769230769232 0.125
1 0.90625 0.8052884615384616 0.18269230769230768 0.1466346153846154
1 0.17067307692307693 0.49158653846153844 0.23076923076923078 0.11778846153846154
1 0.171875 0.4206730769230769 0.18990384615384615 0.1875
1 0.16706730769230768 0.23197115384615385 0.23076923076923078 0.16346153846153846
1 0.6165865384615384 0.6550480769230769 0.17067307692307693 0.14182692307692307
1 0.8473557692307693 0.3641826923076923 0.19230769230769232 0.15625
1 0.484375 0.14182692307692307 0.19230769230769232 0.15625
1 0.8653846153846154 0.24158653846153846 0.22596153846153846 0.15144230769230768
1 0.6838942307692307 0.12860576923076922 0.2403846153846154 0.1778846153846154
2 0.4639423076923077 0.3737980769230769 0.49759615384615385 0.3798076923076923