1 0.40384615384615385 0.35096153846153844 0.20673076923076922 0.18269230769230768
1 0.4723557692307692 0.14423076923076922 0.24759615384615385 0.1875
1 0.18509615384615385 0.28966346153846156 0.21153846153846154 0.15865384615384615
1 0.2608173076923077 0.15865384615384615 0.21153846153846154 0.15865384615384615
1 0.5709134615384616 0.9338942307692307 0.20432692307692307 0.12740384615384615
1 0.6899038461538461 0.7716346153846154 0.1971153846153846 0.14903846153846154
1 0.8846153846153846 0.4879807692307692 0.22596153846153846 0.18028846153846154
1 0.7884615384615384 0.2091346153846154 0.24519230769230768 0.19230769230769232
1 0.6045673076923077 0.2980769230769231 0.16826923076923078 0.125
1 0.10216346153846154 0.9362980769230769 0.19951923076923078 0.12259615384615384
2 0.34975961538461536 0.7980769230769231 0.36538461538461536 0.2980769230769231