2 0.7223557692307693 0.36778846153846156 0.3870192307692308 0.3389423076923077
1 0.6995192307692307 0.5793269230769231 0.21153846153846154 0.16826923076923078
1 0.6045673076923077 0.6634615384615384 0.18269230769230768 0.14423076923076922
1 0.46634615384615385 0.8737980769230769 0.19230769230769232 0.17307692307692307
1 0.35697115384615385 0.7572115384615384 0.25240384615384615 0.21153846153846154
1 0.8449519230769231 0.8822115384615384 0.2548076923076923 0.15865384615384615
1 0.9074519230769231 0.7319711538461539 0.18269230769230768 0.16105769230769232
1 0.6189903846153846 0.0625 0.23798076923076922 0.1201923076923077
1 0.45913461538461536 0.15985576923076922 0.2403846153846154 0.17307692307692307
1 0.3112980769230769 0.5769230769230769 0.19230769230769232 0.17307692307692307
1 0.1658653846153846 0.6634615384615384 0.21153846153846154 0.1875
1 0.18629807692307693 0.06850961538461539 0.18269230769230768 0.13221153846153846
1 0.0889423076923077 0.18269230769230768 0.17307692307692307 0.21153846153846154
1 0.10216346153846154 0.8665865384615384 0.19230769230769232 0.125
1 0.7115384615384616 0.1622596153846154 0.30288461538461536 0.14903846153846154
1 0.35336538461538464 0.4266826923076923 0.2403846153846154 0.1875
0 0.4098557692307692 0.5504807692307693 0.06490384615384616 0.055288461538461536