2 0.6069711538461539 0.453125 0.40384615384615385 0.30288461538461536
1 0.2704326923076923 0.11778846153846154 0.21634615384615385 0.18269230769230768
1 0.11298076923076923 0.18629807692307693 0.22115384615384615 0.17307692307692307
1 0.20072115384615385 0.27283653846153844 0.22115384615384615 0.17307692307692307
1 0.33413461538461536 0.33413461538461536 0.22596153846153846 0.13942307692307693
1 0.2800480769230769 0.36899038461538464 0.22596153846153846 0.13942307692307693
1 0.2512019230769231 0.4026442307692308 0.22596153846153846 0.13942307692307693
1 0.23076923076923078 0.4567307692307692 0.22596153846153846 0.13942307692307693
1 0.2692307692307692 0.8557692307692307 0.21153846153846154 0.1658653846153846
1 0.12139423076923077 0.9158653846153846 0.21394230769230768 0.16346153846153846
1 0.8786057692307693 0.8798076923076923 0.21153846153846154 0.1658653846153846
1 0.7956730769230769 0.9014423076923077 0.22596153846153846 0.19471153846153846
1 0.6286057692307693 0.125 0.22596153846153846 0.19230769230769232
1 0.7560096153846154 0.20673076923076922 0.22596153846153846 0.19230769230769232
1 0.8269230769230769 0.12620192307692307 0.22596153846153846 0.19230769230769232
1 0.9254807692307693 0.5168269230769231 0.14423076923076922 0.19230769230769232
1 0.056490384615384616 0.4651442307692308 0.10817307692307693 0.13701923076923078
1 0.04927884615384615 0.5300480769230769 0.09375 0.13221153846153846