1 0.6442307692307693 0.16346153846153846 0.25240384615384615 0.19230769230769232
1 0.3317307692307692 0.24519230769230768 0.2548076923076923 0.16826923076923078
1 0.5973557692307693 0.7379807692307693 0.21634615384615385 0.14423076923076922
1 0.8401442307692307 0.46634615384615385 0.21634615384615385 0.14423076923076922
1 0.8930288461538461 0.18509615384615385 0.21153846153846154 0.15865384615384615
1 0.3004807692307692 0.9206730769230769 0.21153846153846154 0.15625
1 0.4026442307692308 0.6658653846153846 0.21153846153846154 0.15865384615384615
1 0.24639423076923078 0.7536057692307693 0.20432692307692307 0.1778846153846154
1 0.22956730769230768 0.5793269230769231 0.20432692307692307 0.1778846153846154
1 0.3004807692307692 0.07692307692307693 0.21153846153846154 0.14903846153846154
1 0.7728365384615384 0.30288461538461536 0.20673076923076922 0.15144230769230768
1 0.11658653846153846 0.7620192307692307 0.15384615384615385 0.14423076923076922
1 0.8545673076923077 0.8978365384615384 0.20673076923076922 0.19951923076923078
1 0.6574519230769231 0.6129807692307693 0.27884615384615385 0.11057692307692307
1 0.14903846153846154 0.3786057692307692 0.21634615384615385 0.15865384615384615
1 0.5300480769230769 0.8954326923076923 0.21634615384615385 0.15865384615384615
1 0.08173076923076923 0.07932692307692307 0.16346153846153846 0.15865384615384615
0 0.057692307692307696 0.27403846153846156 0.11057692307692307 0.08653846153846154
0 0.14302884615384615 0.5012019230769231 0.04807692307692308 0.055288461538461536
2 0.48677884615384615 0.44350961538461536 0.4519230769230769 0.3798076923076923