1 0.9038461538461539 0.8401442307692307 0.18028846153846154 0.20432692307692307
1 0.8509615384615384 0.6298076923076923 0.20673076923076922 0.28846153846153844
1 0.8497596153846154 0.45913461538461536 0.1778846153846154 0.19230769230769232
1 0.7307692307692307 0.4855769230769231 0.10576923076923077 0.2692307692307692
1 0.9002403846153846 0.0829326923076923 0.12980769230769232 0.16346153846153846
1 0.5132211538461539 0.21153846153846154 0.16105769230769232 0.23076923076923078
1 0.33413461538461536 0.1201923076923077 0.1346153846153846 0.1778846153846154
1 0.6502403846153846 0.3076923076923077 0.17067307692307693 0.18269230769230768
1 0.6033653846153846 0.5649038461538461 0.1875 0.18269230769230768
1 0.6598557692307693 0.78125 0.18028846153846154 0.23798076923076922
1 0.5492788461538461 0.7848557692307693 0.18028846153846154 0.23798076923076922
1 0.35336538461538464 0.7596153846153846 0.18028846153846154 0.2644230769230769
1 0.7932692307692307 0.2247596153846154 0.1201923076923077 0.27403846153846156
1 0.9146634615384616 0.2776442307692308 0.16105769230769232 0.18990384615384615
1 0.71875 0.12139423076923077 0.15384615384615385 0.23076923076923078
1 0.07572115384615384 0.49038461538461536 0.1466346153846154 0.28846153846153844
1 0.19110576923076922 0.9362980769230769 0.18990384615384615 0.12259615384615384
0 0.25 0.7704326923076923 0.0625 0.09615384615384616
2 0.34134615384615385 0.47596153846153844 0.3581730769230769 0.4182692307692308