1 0.7103365384615384 0.8774038461538461 0.18028846153846154 0.2403846153846154
1 0.30288461538461536 0.3161057692307692 0.18028846153846154 0.2403846153846154
1 0.4675480769230769 0.3161057692307692 0.18028846153846154 0.2403846153846154
1 0.6286057692307693 0.18028846153846154 0.2091346153846154 0.24519230769230768
1 0.8004807692307693 0.2776442307692308 0.1466346153846154 0.23557692307692307
1 0.1466346153846154 0.7367788461538461 0.17548076923076922 0.20192307692307693
1 0.5300480769230769 0.9278846153846154 0.14423076923076922 0.13942307692307693
1 0.7103365384615384 0.6286057692307693 0.18028846153846154 0.2403846153846154
1 0.057692307692307696 0.5456730769230769 0.11298076923076923 0.23798076923076922
0 0.1201923076923077 0.08052884615384616 0.10576923076923077 0.12740384615384615
0 0.3425480769230769 0.10697115384615384 0.0625 0.08653846153846154
0 0.15985576923076922 0.5817307692307693 0.07211538461538461 0.11298076923076923
0 0.9747596153846154 0.6983173076923077 0.04567307692307692 0.10336538461538461
2 0.375 0.7319711538461539 0.3125 0.4230769230769231