1 0.5588942307692307 0.11778846153846154 0.21153846153846154 0.15384615384615385
1 0.5745192307692307 0.28125 0.21153846153846154 0.15384615384615385
1 0.34615384615384615 0.17668269230769232 0.21153846153846154 0.15384615384615385
1 0.3401442307692308 0.06490384615384616 0.20673076923076922 0.125
1 0.46274038461538464 0.4879807692307692 0.20432692307692307 0.14903846153846154
1 0.36778846153846156 0.3581730769230769 0.18990384615384615 0.1971153846153846
1 0.2091346153846154 0.3076923076923077 0.15384615384615385 0.18269230769230768
1 0.08533653846153846 0.14423076923076922 0.16826923076923078 0.18269230769230768
1 0.2247596153846154 0.8233173076923077 0.22596153846153846 0.20432692307692307
1 0.078125 0.6370192307692307 0.15384615384615385 0.1971153846153846
1 0.2536057692307692 0.46634615384615385 0.21153846153846154 0.15865384615384615
1 0.5 0.7379807692307693 0.24519230769230768 0.16346153846153846
1 0.4543269230769231 0.828125 0.21153846153846154 0.16346153846153846
1 0.875 0.18389423076923078 0.21153846153846154 0.15384615384615385
1 0.7163461538461539 0.6634615384615384 0.21153846153846154 0.15384615384615385
2 0.7956730769230769 0.44591346153846156 0.40384615384615385 0.3581730769230769