1 0.6274038461538461 0.3317307692307692 0.23076923076923078 0.18269230769230768
1 0.4074519230769231 0.2764423076923077 0.18990384615384615 0.15384615384615385
1 0.09615384615384616 0.1141826923076923 0.1875 0.19230769230769232
1 0.16346153846153846 0.7980769230769231 0.19230769230769232 0.15625
1 0.7475961538461539 0.8004807692307693 0.19951923076923078 0.15865384615384615
1 0.8100961538461539 0.5348557692307693 0.20673076923076922 0.17307692307692307
1 0.5300480769230769 0.11899038461538461 0.22115384615384615 0.21394230769230768
1 0.3173076923076923 0.07211538461538461 0.18990384615384615 0.13942307692307693
1 0.5504807692307693 0.7596153846153846 0.19951923076923078 0.15865384615384615
1 0.15745192307692307 0.6574519230769231 0.20192307692307693 0.17307692307692307
2 0.3425480769230769 0.47596153846153844 0.44711538461538464 0.3389423076923077