1 0.22596153846153846 0.18629807692307693 0.15625 0.20192307692307693
1 0.18629807692307693 0.5384615384615384 0.15625 0.20192307692307693
1 0.9206730769230769 0.10216346153846154 0.15384615384615385 0.19951923076923078
1 0.9170673076923077 0.3713942307692308 0.15625 0.20192307692307693
1 0.8233173076923077 0.6574519230769231 0.15625 0.20192307692307693
1 0.3798076923076923 0.7776442307692307 0.1778846153846154 0.20673076923076922
1 0.09134615384615384 0.5745192307692307 0.17307692307692307 0.2668269230769231
1 0.5192307692307693 0.6225961538461539 0.16346153846153846 0.17548076923076922
1 0.39663461538461536 0.3581730769230769 0.15865384615384615 0.1875
1 0.36899038461538464 0.9038461538461539 0.16105769230769232 0.1875
0 0.6730769230769231 0.9338942307692307 0.0673076923076923 0.09134615384615384
0 0.11778846153846154 0.8365384615384616 0.055288461538461536 0.06490384615384616
0 0.8497596153846154 0.5192307692307693 0.0625 0.07932692307692307
0 0.8112980769230769 0.13942307692307693 0.06971153846153846 0.07451923076923077
0 0.5661057692307693 0.027644230769230768 0.057692307692307696 0.052884615384615384
2 0.6706730769230769 0.3245192307692308 0.3701923076923077 0.46153846153846156