1 0.09975961538461539 0.4206730769230769 0.19471153846153846 0.1346153846153846
1 0.15985576923076922 0.7283653846153846 0.19951923076923078 0.15384615384615385
1 0.21033653846153846 0.9230769230769231 0.19951923076923078 0.15144230769230768
1 0.34615384615384615 0.8016826923076923 0.19951923076923078 0.15384615384615385
1 0.9134615384615384 0.8846153846153846 0.16826923076923078 0.15625
1 0.890625 0.6646634615384616 0.21634615384615385 0.18028846153846154
1 0.8858173076923077 0.4831730769230769 0.22596153846153846 0.14903846153846154
1 0.9338942307692307 0.10336538461538461 0.12740384615384615 0.15865384615384615
1 0.6838942307692307 0.09975961538461539 0.21634615384615385 0.16346153846153846
1 0.13341346153846154 0.0829326923076923 0.21875 0.16105769230769232
1 0.3161057692307692 0.3581730769230769 0.23076923076923078 0.19230769230769232
1 0.4987980769230769 0.44350961538461536 0.23076923076923078 0.19230769230769232
1 0.578125 0.8653846153846154 0.18990384615384615 0.16826923076923078
1 0.3870192307692308 0.6057692307692307 0.23076923076923078 0.1875
2 0.7223557692307693 0.3245192307692308 0.40384615384615385 0.3317307692307692