1 0.8317307692307693 0.6742788461538461 0.16826923076923078 0.2548076923076923
1 0.48197115384615385 0.23076923076923078 0.16826923076923078 0.2548076923076923
1 0.6622596153846154 0.4338942307692308 0.2091346153846154 0.20673076923076922
1 0.21153846153846154 0.5516826923076923 0.15144230769230768 0.20673076923076922
1 0.1310096153846154 0.41466346153846156 0.15144230769230768 0.20673076923076922
1 0.23557692307692307 0.17067307692307693 0.15865384615384615 0.2692307692307692
1 0.9110576923076923 0.2776442307692308 0.17548076923076922 0.25961538461538464
1 0.8185096153846154 0.0985576923076923 0.16346153846153846 0.19230769230769232
1 0.07692307692307693 0.23918269230769232 0.14903846153846154 0.2091346153846154
1 0.07692307692307693 0.6478365384615384 0.14903846153846154 0.22355769230769232
2 0.5060096153846154 0.7439903846153846 0.3557692307692308 0.5048076923076923
0 0.7091346153846154 0.7776442307692307 0.0625 0.07451923076923077
0 0.8617788461538461 0.4182692307692308 0.08173076923076923 0.09615384615384616