1 0.3557692307692308 0.09735576923076923 0.21634615384615385 0.17067307692307693
1 0.10817307692307693 0.5168269230769231 0.21153846153846154 0.17067307692307693
1 0.19951923076923078 0.7259615384615384 0.23317307692307693 0.1778846153846154
1 0.5661057692307693 0.9278846153846154 0.2283653846153846 0.13942307692307693
1 0.5901442307692307 0.7668269230769231 0.20432692307692307 0.15384615384615385
1 0.44471153846153844 0.49278846153846156 0.21875 0.16826923076923078
1 0.6225961538461539 0.4963942307692308 0.2548076923076923 0.16826923076923078
1 0.7572115384615384 0.4098557692307692 0.18990384615384615 0.18269230769230768
1 0.8894230769230769 0.5396634615384616 0.21634615384615385 0.18990384615384615
1 0.4723557692307692 0.2824519230769231 0.28846153846153844 0.21634615384615385
1 0.38100961538461536 0.8197115384615384 0.24519230769230768 0.21153846153846154
1 0.26802884615384615 0.4182692307692308 0.21634615384615385 0.17067307692307693
2 0.8533653846153846 0.7752403846153846 0.28846153846153844 0.3389423076923077