1 0.3401442307692308 0.6622596153846154 0.1778846153846154 0.23557692307692307
1 0.6550480769230769 0.609375 0.1778846153846154 0.1466346153846154
1 0.6983173076923077 0.36538461538461536 0.1778846153846154 0.15384615384615385
1 0.5901442307692307 0.4723557692307692 0.1778846153846154 0.15384615384615385
1 0.703125 0.7127403846153846 0.23076923076923078 0.15144230769230768
1 0.4987980769230769 0.29927884615384615 0.21153846153846154 0.15144230769230768
1 0.17908653846153846 0.5540865384615384 0.1778846153846154 0.15384615384615385
1 0.13341346153846154 0.6598557692307693 0.1778846153846154 0.15384615384615385
1 0.21875 0.7944711538461539 0.23076923076923078 0.15865384615384615
1 0.5024038461538461 0.07451923076923077 0.18269230769230768 0.14423076923076922
1 0.109375 0.055288461538461536 0.21153846153846154 0.10817307692307693
1 0.8834134615384616 0.09254807692307693 0.15865384615384615 0.15865384615384615
1 0.43509615384615385 0.9338942307692307 0.1778846153846154 0.12740384615384615
1 0.7524038461538461 0.9338942307692307 0.1778846153846154 0.12740384615384615
1 0.9302884615384616 0.8245192307692307 0.1346153846153846 0.15384615384615385
1 0.3581730769230769 0.23557692307692307 0.21634615384615385 0.15625
2 0.109375 0.3245192307692308 0.21634615384615385 0.2283653846153846
0 0.41225961538461536 0.09254807692307693 0.052884615384615384 0.04567307692307692