1 0.7319711538461539 0.3088942307692308 0.1778846153846154 0.13942307692307693
1 0.9158653846153846 0.2776442307692308 0.16346153846153846 0.1466346153846154
1 0.4807692307692308 0.6730769230769231 0.22596153846153846 0.16826923076923078
1 0.6622596153846154 0.8293269230769231 0.18269230769230768 0.13942307692307693
1 0.078125 0.7427884615384616 0.15384615384615385 0.12980769230769232
1 0.21754807692307693 0.8377403846153846 0.20673076923076922 0.17307692307692307
1 0.33774038461538464 0.21394230769230768 0.18269230769230768 0.1466346153846154
1 0.38221153846153844 0.5060096153846154 0.19230769230769232 0.15625
1 0.052884615384615384 0.8822115384615384 0.10096153846153846 0.15625
1 0.3786057692307692 0.9362980769230769 0.2091346153846154 0.12259615384615384
1 0.7211538461538461 0.9591346153846154 0.1778846153846154 0.07692307692307693
1 0.90625 0.9098557692307693 0.18269230769230768 0.17548076923076922
1 0.13701923076923078 0.5228365384615384 0.19951923076923078 0.1971153846153846
2 0.84375 0.4723557692307692 0.3076923076923077 0.21394230769230768
0 0.6610576923076923 0.4735576923076923 0.09134615384615384 0.0673076923076923