0 0.4423076923076923 0.29927884615384615 0.09615384615384616 0.09134615384615384
2 0.8449519230769231 0.35336538461538464 0.17307692307692307 0.19230769230769232
1 0.3173076923076923 0.5637019230769231 0.22115384615384615 0.16826923076923078
1 0.16346153846153846 0.2848557692307692 0.22115384615384615 0.16826923076923078
1 0.19110576923076922 0.11778846153846154 0.22115384615384615 0.16826923076923078
1 0.5408653846153846 0.20192307692307693 0.22115384615384615 0.16826923076923078
1 0.8822115384615384 0.16947115384615385 0.22115384615384615 0.16826923076923078
1 0.6069711538461539 0.4675480769230769 0.22115384615384615 0.16826923076923078
0 0.7463942307692307 0.3918269230769231 0.06490384615384616 0.052884615384615384
1 0.6887019230769231 0.8533653846153846 0.22115384615384615 0.16826923076923078
1 0.6838942307692307 0.9375 0.21153846153846154 0.12259615384615384
1 0.4567307692307692 0.7908653846153846 0.22115384615384615 0.16826923076923078
1 0.6213942307692307 0.6935096153846154 0.22115384615384615 0.16826923076923078
1 0.8737980769230769 0.6911057692307693 0.22115384615384615 0.16826923076923078
1 0.8701923076923077 0.6947115384615384 0.22115384615384615 0.16826923076923078
1 0.1971153846153846 0.7463942307692307 0.22115384615384615 0.16826923076923078
1 0.234375 0.1971153846153846 0.22115384615384615 0.16826923076923078
1 0.6382211538461539 0.055288461538461536 0.21153846153846154 0.11057692307692307
1 0.8978365384615384 0.8185096153846154 0.19951923076923078 0.17067307692307693
1 0.3786057692307692 0.9158653846153846 0.22115384615384615 0.16346153846153846
1 0.09975961538461539 0.8521634615384616 0.1971153846153846 0.17067307692307693
1 0.09975961538461539 0.6574519230769231 0.1971153846153846 0.17067307692307693
0 0.3004807692307692 0.8473557692307693 0.0673076923076923 0.055288461538461536