1 0.6622596153846154 0.8509615384615384 0.23317307692307693 0.18028846153846154
1 0.43149038461538464 0.8473557692307693 0.23317307692307693 0.18028846153846154
1 0.2091346153846154 0.08413461538461539 0.23557692307692307 0.1658653846153846
1 0.23076923076923078 0.7776442307692307 0.1971153846153846 0.15865384615384615
1 0.7848557692307693 0.4375 0.1971153846153846 0.15865384615384615
1 0.9314903846153846 0.06129807692307692 0.1346153846153846 0.1201923076923077
1 0.35096153846153844 0.5841346153846154 0.15865384615384615 0.15865384615384615
1 0.3701923076923077 0.3016826923076923 0.15865384615384615 0.15865384615384615
1 0.6117788461538461 0.4254807692307692 0.15865384615384615 0.15865384615384615
1 0.9182692307692307 0.6105769230769231 0.15865384615384615 0.15865384615384615
1 0.17548076923076922 0.36899038461538464 0.18269230769230768 0.16105769230769232
1 0.6935096153846154 0.19951923076923078 0.18269230769230768 0.16105769230769232
1 0.6670673076923077 0.7067307692307693 0.22115384615384615 0.16826923076923078
1 0.1310096153846154 0.65625 0.21634615384615385 0.18509615384615385
1 0.3401442307692308 0.41346153846153844 0.14903846153846154 0.11778846153846154
2 0.4639423076923077 0.09495192307692307 0.24519230769230768 0.1875
0 0.35096153846153844 0.8509615384615384 0.057692307692307696 0.040865384615384616