1 0.2620192307692308 0.3557692307692308 0.23317307692307693 0.19230769230769232
1 0.2776442307692308 0.08173076923076923 0.21634615384615385 0.16105769230769232
1 0.7908653846153846 0.7740384615384616 0.21634615384615385 0.16346153846153846
1 0.7451923076923077 0.6983173076923077 0.21634615384615385 0.16346153846153846
1 0.6370192307692307 0.6153846153846154 0.2692307692307692 0.1778846153846154
1 0.5889423076923077 0.390625 0.23557692307692307 0.1971153846153846
1 0.9002403846153846 0.22716346153846154 0.1971153846153846 0.16346153846153846
1 0.7848557692307693 0.3786057692307692 0.21153846153846154 0.1778846153846154
1 0.9098557692307693 0.5733173076923077 0.17548076923076922 0.16826923076923078
1 0.3557692307692308 0.5192307692307693 0.19230769230769232 0.1466346153846154
1 0.22596153846153846 0.5324519230769231 0.18990384615384615 0.15625
1 0.12139423076923077 0.5324519230769231 0.18990384615384615 0.15625
1 0.09735576923076923 0.7175480769230769 0.18990384615384615 0.15625
1 0.265625 0.1971153846153846 0.23557692307692307 0.16346153846153846
2 0.24879807692307693 0.875 0.3870192307692308 0.24519230769230768
0 0.35336538461538464 0.7379807692307693 0.07692307692307693 0.057692307692307696
0 0.9411057692307693 0.41225961538461536 0.09134615384615384 0.052884615384615384