1 0.4266826923076923 0.6862980769230769 0.20432692307692307 0.1346153846153846
1 0.4266826923076923 0.7800480769230769 0.20432692307692307 0.1346153846153846
1 0.8305288461538461 0.6959134615384616 0.20192307692307693 0.15144230769230768
1 0.8978365384615384 0.4182692307692308 0.19951923076923078 0.15384615384615385
1 0.5853365384615384 0.5336538461538461 0.23798076923076922 0.12980769230769232
1 0.6706730769230769 0.12139423076923077 0.23317307692307693 0.15384615384615385
1 0.2932692307692308 0.05048076923076923 0.23076923076923078 0.09615384615384616
2 0.5901442307692307 0.3293269230769231 0.39903846153846156 0.34615384615384615
1 0.24278846153846154 0.7043269230769231 0.1971153846153846 0.16346153846153846
1 0.21153846153846154 0.5456730769230769 0.1971153846153846 0.16346153846153846
1 0.14543269230769232 0.44350961538461536 0.19951923076923078 0.1778846153846154