1 0.3161057692307692 0.7704326923076923 0.20432692307692307 0.15865384615384615
1 0.8870192307692307 0.6899038461538461 0.22115384615384615 0.17307692307692307
1 0.9110576923076923 0.5372596153846154 0.17307692307692307 0.17307692307692307
1 0.9182692307692307 0.3293269230769231 0.15865384615384615 0.1778846153846154
1 0.5721153846153846 0.9026442307692307 0.1778846153846154 0.14903846153846154
1 0.27524038461538464 0.35697115384615385 0.20673076923076922 0.15384615384615385
1 0.22956730769230768 0.5072115384615384 0.20673076923076922 0.15384615384615385
1 0.09014423076923077 0.8894230769230769 0.1778846153846154 0.13701923076923078
1 0.5348557692307693 0.6213942307692307 0.2620192307692308 0.20432692307692307
1 0.0889423076923077 0.4050480769230769 0.1778846153846154 0.15384615384615385
1 0.0889423076923077 0.296875 0.1778846153846154 0.15384615384615385
1 0.4423076923076923 0.24278846153846154 0.1778846153846154 0.15384615384615385
1 0.9254807692307693 0.125 0.14423076923076922 0.21153846153846154
2 0.6598557692307693 0.4387019230769231 0.35096153846153844 0.3605769230769231
0 0.9326923076923077 0.7824519230769231 0.08173076923076923 0.055288461538461536