1 0.7884615384615384 0.4326923076923077 0.14903846153846154 0.18269230769230768
1 0.8497596153846154 0.6370192307692307 0.13221153846153846 0.1875
1 0.9435096153846154 0.7391826923076923 0.10817307692307693 0.21875
1 0.8209134615384616 0.8317307692307693 0.16826923076923078 0.19230769230769232
1 0.140625 0.7427884615384616 0.14423076923076922 0.19230769230769232
1 0.12740384615384615 0.9098557692307693 0.1778846153846154 0.1778846153846154
1 0.2848557692307692 0.6959134615384616 0.19230769230769232 0.25
1 0.3293269230769231 0.4050480769230769 0.15144230769230768 0.22596153846153846
1 0.09134615384615384 0.09134615384615384 0.125 0.1778846153846154
1 0.31850961538461536 0.19110576923076922 0.15865384615384615 0.1875
1 0.43149038461538464 0.9302884615384616 0.13701923076923078 0.1346153846153846
1 0.2247596153846154 0.20432692307692307 0.15144230769230768 0.25
1 0.9471153846153846 0.5288461538461539 0.10096153846153846 0.19230769230769232
1 0.4266826923076923 0.5552884615384616 0.14903846153846154 0.18269230769230768
2 0.5252403846153846 0.32091346153846156 0.3798076923076923 0.47596153846153844