1 0.3161057692307692 0.3317307692307692 0.1778846153846154 0.19230769230769232
1 0.22716346153846154 0.5516826923076923 0.1875 0.24519230769230768
1 0.3737980769230769 0.6875 0.16826923076923078 0.22596153846153846
1 0.47836538461538464 0.5901442307692307 0.16346153846153846 0.19230769230769232
1 0.38221153846153844 0.9026442307692307 0.16346153846153846 0.19230769230769232
1 0.3581730769230769 0.10576923076923077 0.17307692307692307 0.21153846153846154
1 0.5697115384615384 0.078125 0.17307692307692307 0.15144230769230768
1 0.2127403846153846 0.8870192307692307 0.17548076923076922 0.22115384615384615
1 0.07451923076923077 0.19110576923076922 0.14423076923076922 0.2283653846153846
1 0.6574519230769231 0.7560096153846154 0.14423076923076922 0.22596153846153846
1 0.8425480769230769 0.7355769230769231 0.14423076923076922 0.22596153846153846
1 0.9122596153846154 0.625 0.14423076923076922 0.22596153846153846
2 0.7788461538461539 0.34375 0.3557692307692308 0.38461538461538464