1 0.12860576923076922 0.5564903846153846 0.23076923076923078 0.17067307692307693
1 0.5817307692307693 0.5108173076923077 0.22596153846153846 0.17307692307692307
1 0.5829326923076923 0.7932692307692307 0.22596153846153846 0.17307692307692307
1 0.2920673076923077 0.75 0.34134615384615385 0.22596153846153846
1 0.7536057692307693 0.1658653846153846 0.24519230769230768 0.20192307692307693
1 0.6802884615384616 0.2848557692307692 0.22115384615384615 0.1778846153846154
1 0.7668269230769231 0.6658653846153846 0.22596153846153846 0.17307692307692307
1 0.5865384615384616 0.16346153846153846 0.22115384615384615 0.1778846153846154
1 0.7620192307692307 0.8966346153846154 0.22596153846153846 0.17307692307692307
2 0.8665865384615384 0.44471153846153844 0.2620192307692308 0.2692307692307692
0 0.4723557692307692 0.6862980769230769 0.07692307692307693 0.0673076923076923
0 0.036057692307692304 0.7872596153846154 0.0673076923076923 0.0673076923076923