1 0.14903846153846154 0.7560096153846154 0.1778846153846154 0.1466346153846154
1 0.22235576923076922 0.5180288461538461 0.20192307692307693 0.16346153846153846
1 0.2860576923076923 0.28846153846153844 0.17307692307692307 0.16346153846153846
1 0.2692307692307692 0.09735576923076923 0.25961538461538464 0.125
1 0.43990384615384615 0.8521634615384616 0.2668269230769231 0.18028846153846154
1 0.43028846153846156 0.5372596153846154 0.20192307692307693 0.16346153846153846
1 0.4387019230769231 0.4254807692307692 0.20192307692307693 0.14423076923076922
1 0.7680288461538461 0.5060096153846154 0.20192307692307693 0.16346153846153846
1 0.6418269230769231 0.5877403846153846 0.20673076923076922 0.18028846153846154
1 0.5480769230769231 0.6911057692307693 0.20673076923076922 0.18028846153846154
1 0.7307692307692307 0.8725961538461539 0.20673076923076922 0.18028846153846154
1 0.4567307692307692 0.25841346153846156 0.18990384615384615 0.15144230769230768
1 0.47836538461538464 0.18990384615384615 0.18990384615384615 0.15144230769230768
1 0.6682692307692307 0.25600961538461536 0.1971153846153846 0.18269230769230768
1 0.8653846153846154 0.38341346153846156 0.1971153846153846 0.18269230769230768
1 0.10096153846153846 0.3605769230769231 0.1971153846153846 0.22596153846153846
1 0.7427884615384616 0.7247596153846154 0.1778846153846154 0.1466346153846154
1 0.8485576923076923 0.7043269230769231 0.1778846153846154 0.1466346153846154
2 0.8990384615384616 0.18870192307692307 0.1971153846153846 0.31009615384615385