2 0.5168269230769231 0.5769230769230769 0.16346153846153846 0.23317307692307693
0 0.34975961538461536 0.5252403846153846 0.052884615384615384 0.057692307692307696
0 0.42908653846153844 0.4230769230769231 0.052884615384615384 0.057692307692307696
0 0.040865384615384616 0.3870192307692308 0.04326923076923077 0.07211538461538461
1 0.15264423076923078 0.6538461538461539 0.20432692307692307 0.2668269230769231
1 0.10336538461538461 0.9050480769230769 0.14903846153846154 0.18509615384615385
1 0.07451923076923077 0.8545673076923077 0.1466346153846154 0.1875
1 0.2620192307692308 0.8521634615384616 0.18269230769230768 0.19230769230769232
1 0.40024038461538464 0.9026442307692307 0.18028846153846154 0.18990384615384615
1 0.6730769230769231 0.3269230769230769 0.16826923076923078 0.20673076923076922
1 0.7199519230769231 0.10576923076923077 0.13942307692307693 0.21153846153846154
1 0.49038461538461536 0.10576923076923077 0.13942307692307693 0.21153846153846154
1 0.6923076923076923 0.5276442307692307 0.15865384615384615 0.20673076923076922
1 0.8112980769230769 0.8088942307692307 0.12980769230769232 0.18509615384615385
1 0.9314903846153846 0.8978365384615384 0.13701923076923078 0.19951923076923078
1 0.5348557692307693 0.33052884615384615 0.16346153846153846 0.22115384615384615
1 0.44350961538461536 0.26802884615384615 0.16346153846153846 0.22115384615384615
1 0.30288461538461536 0.23197115384615385 0.17067307692307693 0.21153846153846154
1 0.5372596153846154 0.7992788461538461 0.15144230769230768 0.18990384615384615
1 0.6550480769230769 0.7487980769230769 0.14903846153846154 0.18990384615384615
1 0.7692307692307693 0.9519230769230769 0.16826923076923078 0.09134615384615384