1 0.7776442307692307 0.49158653846153844 0.23317307692307693 0.17307692307692307
1 0.8305288461538461 0.25721153846153844 0.23076923076923078 0.21634615384615385
1 0.21514423076923078 0.49399038461538464 0.19230769230769232 0.1778846153846154
1 0.09254807692307693 0.9350961538461539 0.18028846153846154 0.125
1 0.12139423076923077 0.7608173076923077 0.23798076923076922 0.16826923076923078
1 0.3798076923076923 0.9302884615384616 0.28365384615384615 0.1346153846153846
1 0.7007211538461539 0.7644230769230769 0.28125 0.13701923076923078
1 0.4014423076923077 0.6802884615384616 0.28125 0.1346153846153846
1 0.28365384615384615 0.09375 0.2668269230769231 0.18269230769230768
1 0.6971153846153846 0.9122596153846154 0.23557692307692307 0.17067307692307693
2 0.16105769230769232 0.27163461538461536 0.27403846153846156 0.21153846153846154
0 0.3329326923076923 0.5300480769230769 0.08173076923076923 0.07211538461538461
0 0.4891826923076923 0.5889423076923077 0.08173076923076923 0.07211538461538461
1 0.5769230769230769 0.19591346153846154 0.23317307692307693 0.17307692307692307