1 0.41947115384615385 0.28725961538461536 0.21875 0.15865384615384615
1 0.390625 0.5192307692307693 0.21875 0.15865384615384615
1 0.171875 0.5588942307692307 0.21875 0.15865384615384615
1 0.24879807692307693 0.38461538461538464 0.20192307692307693 0.14903846153846154
1 0.13701923076923078 0.25240384615384615 0.20192307692307693 0.14903846153846154
1 0.6262019230769231 0.30528846153846156 0.20192307692307693 0.14903846153846154
1 0.8040865384615384 0.41225961538461536 0.19951923076923078 0.17067307692307693
1 0.5961538461538461 0.46634615384615385 0.19951923076923078 0.17067307692307693
1 0.6598557692307693 0.8762019230769231 0.2403846153846154 0.17067307692307693
1 0.14302884615384615 0.8786057692307693 0.2403846153846154 0.17067307692307693
1 0.29447115384615385 0.7451923076923077 0.22596153846153846 0.21153846153846154
1 0.7175480769230769 0.15384615384615385 0.2403846153846154 0.17067307692307693
1 0.5036057692307693 0.12139423076923077 0.2403846153846154 0.17067307692307693
2 0.8629807692307693 0.6646634615384616 0.2692307692307692 0.3485576923076923