1 0.6274038461538461 0.6682692307692307 0.23076923076923078 0.18269230769230768
1 0.4074519230769231 0.7235576923076923 0.18990384615384615 0.15384615384615385
1 0.09615384615384616 0.8858173076923077 0.1875 0.19230769230769232
1 0.16346153846153846 0.20192307692307693 0.19230769230769232 0.15384615384615385
1 0.7475961538461539 0.19951923076923078 0.19951923076923078 0.15865384615384615
1 0.8100961538461539 0.4651442307692308 0.20673076923076922 0.17307692307692307
1 0.5300480769230769 0.8810096153846154 0.22115384615384615 0.21394230769230768
1 0.3173076923076923 0.9278846153846154 0.18990384615384615 0.14182692307692307
1 0.5504807692307693 0.2403846153846154 0.19951923076923078 0.15865384615384615
1 0.15745192307692307 0.3425480769230769 0.20192307692307693 0.17307692307692307
2 0.3425480769230769 0.5240384615384616 0.44711538461538464 0.3389423076923077