1 0.10096153846153846 0.4963942307692308 0.1971153846153846 0.21875
1 0.6502403846153846 0.2668269230769231 0.1971153846153846 0.1875
1 0.5564903846153846 0.06850961538461539 0.1971153846153846 0.1346153846153846
1 0.5060096153846154 0.4675480769230769 0.19951923076923078 0.14423076923076922
1 0.09975961538461539 0.6682692307692307 0.19471153846153846 0.13942307692307693
1 0.3112980769230769 0.5877403846153846 0.1778846153846154 0.12980769230769232
1 0.9038461538461539 0.8689903846153846 0.1875 0.1875
1 0.4170673076923077 0.7524038461538461 0.1778846153846154 0.14903846153846154
1 0.36658653846153844 0.07572115384615384 0.18028846153846154 0.1466346153846154
1 0.17908653846153846 0.06129807692307692 0.1778846153846154 0.1201923076923077
1 0.5036057692307693 0.36778846153846156 0.15625 0.125
2 0.7644230769230769 0.5588942307692307 0.2668269230769231 0.22115384615384615
0 0.5661057692307693 0.5661057692307693 0.06009615384615385 0.04807692307692308
0 0.5120192307692307 0.17548076923076922 0.06009615384615385 0.04807692307692308