1 0.8413461538461539 0.2920673076923077 0.19230769230769232 0.17548076923076922
1 0.24519230769230768 0.5288461538461539 0.22115384615384615 0.1875
1 0.11778846153846154 0.8293269230769231 0.22115384615384615 0.1875
1 0.29086538461538464 0.9230769230769231 0.21634615384615385 0.14903846153846154
1 0.4387019230769231 0.8197115384615384 0.22115384615384615 0.1875
1 0.7764423076923077 0.16826923076923078 0.27403846153846156 0.1201923076923077
1 0.8882211538461539 0.7439903846153846 0.22115384615384615 0.1875
1 0.6634615384615384 0.7115384615384616 0.22115384615384615 0.1875
1 0.07932692307692307 0.6129807692307693 0.15384615384615385 0.18028846153846154
1 0.17548076923076922 0.15504807692307693 0.22115384615384615 0.1875
2 0.5288461538461539 0.36177884615384615 0.4326923076923077 0.3389423076923077