1 0.43028846153846156 0.46033653846153844 0.21634615384615385 0.16346153846153846
1 0.8125 0.796875 0.1971153846153846 0.14423076923076922
1 0.5060096153846154 0.9074519230769231 0.21153846153846154 0.15625
1 0.7055288461538461 0.11538461538461539 0.22115384615384615 0.15865384615384615
1 0.4014423076923077 0.6682692307692307 0.22115384615384615 0.15865384615384615
1 0.4807692307692308 0.17067307692307693 0.22115384615384615 0.15865384615384615
1 0.9098557692307693 0.5324519230769231 0.1778846153846154 0.16346153846153846
1 0.3401442307692308 0.31850961538461536 0.1778846153846154 0.16346153846153846
1 0.09735576923076923 0.5853365384615384 0.19230769230769232 0.17067307692307693
1 0.07211538461538461 0.40024038461538464 0.13942307692307693 0.2091346153846154
1 0.1201923076923077 0.18269230769230768 0.2403846153846154 0.1658653846153846
2 0.7211538461538461 0.33653846153846156 0.4182692307692308 0.3389423076923077
2 0.6370192307692307 0.5985576923076923 0.3004807692307692 0.2403846153846154
0 0.16466346153846154 0.9699519230769231 0.0673076923076923 0.052884615384615384