2 0.625 0.5348557692307693 0.33653846153846156 0.2548076923076923
1 0.13942307692307693 0.4699519230769231 0.22596153846153846 0.2283653846153846
1 0.36778846153846156 0.5925480769230769 0.24759615384615385 0.18269230769230768
1 0.296875 0.8377403846153846 0.24759615384615385 0.18269230769230768
1 0.43028846153846156 0.7704326923076923 0.24759615384615385 0.18269230769230768
1 0.5817307692307693 0.7379807692307693 0.24759615384615385 0.18269230769230768
1 0.6274038461538461 0.8269230769230769 0.21153846153846154 0.15384615384615385
1 0.7391826923076923 0.8245192307692307 0.21153846153846154 0.15384615384615385
1 0.8413461538461539 0.7884615384615384 0.21153846153846154 0.15625
1 0.7524038461538461 0.9074519230769231 0.21153846153846154 0.15625
1 0.14543269230769232 0.06370192307692307 0.2403846153846154 0.125
1 0.1141826923076923 0.21394230769230768 0.22596153846153846 0.19230769230769232
1 0.1201923076923077 0.7728365384615384 0.23557692307692307 0.21153846153846154
0 0.06490384615384616 0.6526442307692307 0.1201923076923077 0.0673076923076923
0 0.9086538461538461 0.3605769230769231 0.07211538461538461 0.0673076923076923
1 0.3449519230769231 0.38221153846153844 0.22596153846153846 0.15384615384615385
1 0.42788461538461536 0.11538461538461539 0.22596153846153846 0.15384615384615385
1 0.9266826923076923 0.13701923076923078 0.14423076923076922 0.13942307692307693
1 0.9266826923076923 0.26322115384615385 0.14423076923076922 0.13942307692307693
1 0.8677884615384616 0.07692307692307693 0.18269230769230768 0.15144230769230768