1 0.6658653846153846 0.31490384615384615 0.17307692307692307 0.21153846153846154
1 0.9170673076923077 0.5528846153846154 0.15384615384615385 0.1971153846153846
1 0.8557692307692307 0.7704326923076923 0.15865384615384615 0.20432692307692307
1 0.23076923076923078 0.4338942307692308 0.1346153846153846 0.21153846153846154
1 0.4182692307692308 0.18389423076923078 0.13221153846153846 0.1778846153846154
1 0.17067307692307693 0.35096153846153844 0.1346153846153846 0.18990384615384615
1 0.07211538461538461 0.9242788461538461 0.14182692307692307 0.14903846153846154
1 0.11298076923076923 0.5973557692307693 0.12980769230769232 0.17307692307692307
1 0.6586538461538461 0.5865384615384616 0.13942307692307693 0.18990384615384615
1 0.4963942307692308 0.828125 0.19230769230769232 0.22596153846153846
1 0.17067307692307693 0.7944711538461539 0.14423076923076922 0.23076923076923078
1 0.7307692307692307 0.7608173076923077 0.15384615384615385 0.21153846153846154
1 0.5492788461538461 0.14903846153846154 0.13942307692307693 0.18990384615384615
2 0.4206730769230769 0.5408653846153846 0.28365384615384615 0.37740384615384615
0 0.07932692307692307 0.10096153846153846 0.0673076923076923 0.07211538461538461