1 0.6177884615384616 0.8016826923076923 0.19230769230769232 0.15625
1 0.7163461538461539 0.6466346153846154 0.1971153846153846 0.13701923076923078
1 0.7223557692307693 0.5192307692307693 0.22115384615384615 0.15144230769230768
1 0.7127403846153846 0.23798076923076922 0.20673076923076922 0.16826923076923078
1 0.6899038461538461 0.10336538461538461 0.2403846153846154 0.16826923076923078
1 0.8918269230769231 0.8557692307692307 0.1875 0.15865384615384615
1 0.3605769230769231 0.7560096153846154 0.25 0.17307692307692307
1 0.3269230769230769 0.9182692307692307 0.1875 0.15865384615384615
1 0.5204326923076923 0.39903846153846156 0.21153846153846154 0.16105769230769232
1 0.42427884615384615 0.25 0.18269230769230768 0.15865384615384615
1 0.16826923076923078 0.08653846153846154 0.18269230769230768 0.15865384615384615
1 0.12860576923076922 0.8533653846153846 0.21153846153846154 0.17307692307692307
0 0.9326923076923077 0.3762019230769231 0.09375 0.0673076923076923
2 0.17548076923076922 0.5072115384615384 0.34615384615384615 0.3269230769230769
0 0.036057692307692304 0.8870192307692307 0.0673076923076923 0.0625