1 0.09495192307692307 0.14783653846153846 0.17067307692307693 0.22115384615384615
1 0.2403846153846154 0.18389423076923078 0.17067307692307693 0.22115384615384615
1 0.7223557692307693 0.13942307692307693 0.14423076923076922 0.21634615384615385
1 0.42427884615384615 0.29086538461538464 0.1875 0.25240384615384615
1 0.34615384615384615 0.4651442307692308 0.1875 0.25240384615384615
1 0.30408653846153844 0.8810096153846154 0.17307692307692307 0.23317307692307693
1 0.18389423076923078 0.48197115384615385 0.15384615384615385 0.20192307692307693
1 0.8425480769230769 0.6911057692307693 0.16826923076923078 0.23076923076923078
1 0.8161057692307693 0.2920673076923077 0.19230769230769232 0.20673076923076922
1 0.5961538461538461 0.31971153846153844 0.16346153846153846 0.1971153846153846
1 0.5805288461538461 0.10096153846153846 0.1658653846153846 0.1971153846153846
1 0.7403846153846154 0.8305288461538461 0.16346153846153846 0.23076923076923078
1 0.6225961538461539 0.9026442307692307 0.15384615384615385 0.18990384615384615
0 0.16466346153846154 0.6466346153846154 0.052884615384615384 0.09375
0 0.28966346153846156 0.6538461538461539 0.08653846153846154 0.10817307692307693
0 0.7932692307692307 0.5216346153846154 0.0625 0.09375
0 0.7920673076923077 0.6009615384615384 0.057692307692307696 0.07211538461538461
2 0.546875 0.6610576923076923 0.3317307692307692 0.40625