1 0.24278846153846154 0.6706730769230769 0.17067307692307693 0.1971153846153846
1 0.4074519230769231 0.6526442307692307 0.15865384615384615 0.18990384615384615
1 0.30649038461538464 0.14302884615384615 0.15865384615384615 0.18990384615384615
1 0.8473557692307693 0.8449519230769231 0.1875 0.25961538461538464
1 0.47596153846153844 0.8834134615384616 0.23076923076923078 0.23076923076923078
1 0.6466346153846154 0.47836538461538464 0.17307692307692307 0.19230769230769232
1 0.5865384615384616 0.26322115384615385 0.125 0.17307692307692307
1 0.42788461538461536 0.18870192307692307 0.15625 0.16346153846153846
1 0.11538461538461539 0.2091346153846154 0.1875 0.23557692307692307
1 0.5444711538461539 0.6838942307692307 0.17067307692307693 0.22115384615384615
1 0.2644230769230769 0.8473557692307693 0.15865384615384615 0.23076923076923078
2 0.4651442307692308 0.38461538461538464 0.21153846153846154 0.24759615384615385