1 0.4963942307692308 0.8990384615384616 0.21875 0.1971153846153846
1 0.2668269230769231 0.34975961538461536 0.1875 0.1971153846153846
1 0.06850961538461539 0.44350961538461536 0.13701923076923078 0.1971153846153846
1 0.4675480769230769 0.49399038461538464 0.14423076923076922 0.19951923076923078
1 0.6682692307692307 0.9002403846153846 0.13942307692307693 0.19471153846153846
1 0.5877403846153846 0.6887019230769231 0.12980769230769232 0.1778846153846154
1 0.8689903846153846 0.09615384615384616 0.1875 0.1875
1 0.7524038461538461 0.5829326923076923 0.14903846153846154 0.18028846153846154
1 0.07572115384615384 0.6334134615384616 0.1466346153846154 0.18028846153846154
1 0.06129807692307692 0.8209134615384616 0.12259615384615384 0.1778846153846154
1 0.36778846153846156 0.4963942307692308 0.125 0.15625
2 0.5588942307692307 0.23557692307692307 0.22355769230769232 0.2668269230769231
0 0.5661057692307693 0.4338942307692308 0.04807692307692308 0.06009615384615385
0 0.17548076923076922 0.4879807692307692 0.04807692307692308 0.06009615384615385