2 0.5961538461538461 0.2608173076923077 0.23557692307692307 0.2932692307692308
1 0.6670673076923077 0.5480769230769231 0.1658653846153846 0.25961538461538464
1 0.9170673076923077 0.8100961538461539 0.16346153846153846 0.25961538461538464
1 0.7776442307692307 0.6682692307692307 0.16826923076923078 0.23317307692307693
1 0.8533653846153846 0.5336538461538461 0.1658653846153846 0.23317307692307693
1 0.7884615384615384 0.3954326923076923 0.16826923076923078 0.23317307692307693
1 0.8677884615384616 0.34134615384615385 0.1658653846153846 0.23317307692307693
1 0.9194711538461539 0.1778846153846154 0.15865384615384615 0.20673076923076922
1 0.46153846153846156 0.08413461538461539 0.16346153846153846 0.16346153846153846
1 0.32211538461538464 0.23076923076923078 0.1658653846153846 0.20673076923076922
1 0.22596153846153846 0.23798076923076922 0.1201923076923077 0.22355769230769232
1 0.1622596153846154 0.28846153846153844 0.18269230769230768 0.2692307692307692
1 0.05889423076923077 0.3786057692307692 0.11298076923076923 0.23317307692307693
1 0.06490384615384616 0.09615384615384616 0.125 0.1875
1 0.13221153846153846 0.7067307692307693 0.16105769230769232 0.18269230769230768
1 0.29086538461538464 0.6983173076923077 0.25 0.25961538461538464
1 0.44350961538461536 0.9074519230769231 0.16105769230769232 0.18269230769230768
1 0.5396634615384616 0.6045673076923077 0.16105769230769232 0.18269230769230768
1 0.4254807692307692 0.4170673076923077 0.16105769230769232 0.18269230769230768
0 0.7439903846153846 0.2512019230769231 0.057692307692307696 0.09375
0 0.8028846153846154 0.21995192307692307 0.057692307692307696 0.09375
0 0.7043269230769231 0.09254807692307693 0.057692307692307696 0.09375
1 0.7776442307692307 0.9182692307692307 0.18269230769230768 0.15865384615384615