2 0.5324519230769231 0.4543269230769231 0.44711538461538464 0.33653846153846156
1 0.24639423076923078 0.6959134615384616 0.22115384615384615 0.17067307692307693
1 0.1346153846153846 0.7644230769230769 0.22115384615384615 0.17067307692307693
1 0.21514423076923078 0.9302884615384616 0.22115384615384615 0.13701923076923078
1 0.4495192307692308 0.7728365384615384 0.21875 0.20673076923076922
1 0.6658653846153846 0.7319711538461539 0.21875 0.20673076923076922
1 0.6742788461538461 0.17307692307692307 0.21875 0.20673076923076922
1 0.7043269230769231 0.09014423076923077 0.1971153846153846 0.17548076923076922
1 0.4567307692307692 0.08774038461538461 0.2403846153846154 0.17067307692307693
1 0.23076923076923078 0.18870192307692307 0.23798076923076922 0.17307692307692307
1 0.22716346153846154 0.38341346153846156 0.23798076923076922 0.19471153846153846
1 0.21033653846153846 0.5036057692307693 0.23798076923076922 0.19471153846153846
1 0.09375 0.49158653846153844 0.18269230769230768 0.19471153846153846
1 0.6742788461538461 0.8942307692307693 0.21153846153846154 0.17307692307692307
1 0.9098557692307693 0.08052884615384616 0.17548076923076922 0.15865384615384615
0 0.9362980769230769 0.2956730769230769 0.08173076923076923 0.06971153846153846
0 0.8629807692307693 0.20072115384615385 0.08173076923076923 0.06971153846153846
0 0.5300480769230769 0.8894230769230769 0.08173076923076923 0.06971153846153846