1 0.6442307692307693 0.2620192307692308 0.19230769230769232 0.23317307692307693
1 0.9182692307692307 0.2776442307692308 0.16105769230769232 0.21634615384615385
1 0.22596153846153846 0.7908653846153846 0.16346153846153846 0.21634615384615385
1 0.3016826923076923 0.7451923076923077 0.16346153846153846 0.21634615384615385
1 0.38461538461538464 0.6370192307692307 0.1778846153846154 0.2692307692307692
1 0.609375 0.5889423076923077 0.1971153846153846 0.23557692307692307
1 0.7728365384615384 0.9002403846153846 0.16346153846153846 0.1971153846153846
1 0.6213942307692307 0.7848557692307693 0.1778846153846154 0.21153846153846154
1 0.4266826923076923 0.9098557692307693 0.16826923076923078 0.17548076923076922
1 0.4807692307692308 0.3557692307692308 0.1466346153846154 0.19230769230769232
1 0.4675480769230769 0.22596153846153846 0.15625 0.18990384615384615
1 0.4675480769230769 0.12139423076923077 0.15625 0.18990384615384615
1 0.2824519230769231 0.09735576923076923 0.15625 0.18990384615384615
1 0.8028846153846154 0.265625 0.16346153846153846 0.23557692307692307
2 0.12379807692307693 0.24879807692307693 0.24519230769230768 0.38461538461538464
0 0.2620192307692308 0.35336538461538464 0.057692307692307696 0.07692307692307693
0 0.5877403846153846 0.9411057692307693 0.052884615384615384 0.09134615384615384