1 0.8810096153846154 0.6887019230769231 0.15865384615384615 0.24759615384615385
1 0.9110576923076923 0.8966346153846154 0.15865384615384615 0.20192307692307693
1 0.7331730769230769 0.9182692307692307 0.19230769230769232 0.15865384615384615
1 0.48197115384615385 0.8713942307692307 0.18028846153846154 0.23317307692307693
1 0.34134615384615385 0.5192307692307693 0.18028846153846154 0.2403846153846154
1 0.7896634615384616 0.3401442307692308 0.15144230769230768 0.21394230769230768
1 0.9242788461538461 0.23076923076923078 0.14903846153846154 0.23076923076923078
1 0.6490384615384616 0.19591346153846154 0.15144230769230768 0.23076923076923078
1 0.48197115384615385 0.25841346153846156 0.15144230769230768 0.20673076923076922
1 0.3004807692307692 0.2776442307692308 0.17548076923076922 0.21153846153846154
1 0.12980769230769232 0.12379807692307693 0.17548076923076922 0.21153846153846154
1 0.3173076923076923 0.765625 0.15384615384615385 0.21153846153846154
1 0.5649038461538461 0.07211538461538461 0.14182692307692307 0.13942307692307693
1 0.7716346153846154 0.0733173076923077 0.17548076923076922 0.13701923076923078
2 0.6370192307692307 0.625 0.3701923076923077 0.47596153846153844
0 0.2091346153846154 0.5120192307692307 0.10576923076923077 0.13942307692307693
0 0.22956730769230768 0.8677884615384616 0.07211538461538461 0.08653846153846154