1 0.7776442307692307 0.6622596153846154 0.14423076923076922 0.1971153846153846
1 0.7800480769230769 0.8064903846153846 0.14423076923076922 0.1971153846153846
1 0.39663461538461536 0.8834134615384616 0.15384615384615385 0.2283653846153846
1 0.49759615384615385 0.7800480769230769 0.15144230769230768 0.23076923076923078
1 0.31971153846153844 0.47115384615384615 0.125 0.22115384615384615
1 0.4026442307692308 0.2403846153846154 0.16105769230769232 0.2644230769230769
1 0.17307692307692307 0.38221153846153844 0.15625 0.21875
1 0.9326923076923077 0.4651442307692308 0.12980769230769232 0.21394230769230768
1 0.14182692307692307 0.7355769230769231 0.16826923076923078 0.20673076923076922
1 0.8689903846153846 0.22235576923076922 0.16826923076923078 0.20673076923076922
1 0.6802884615384616 0.10817307692307693 0.16826923076923078 0.20673076923076922
1 0.23076923076923078 0.14423076923076922 0.14182692307692307 0.18509615384615385
1 0.06971153846153846 0.15865384615384615 0.13701923076923078 0.18269230769230768
1 0.4675480769230769 0.6081730769230769 0.16346153846153846 0.18269230769230768
1 0.06370192307692307 0.3918269230769231 0.125 0.20673076923076922
1 0.2247596153846154 0.5697115384615384 0.1201923076923077 0.18990384615384615
2 0.6418269230769231 0.39302884615384615 0.44711538461538464 0.40625