1 0.5540865384615384 0.40865384615384615 0.1778846153846154 0.19230769230769232
1 0.671875 0.5805288461538461 0.18269230769230768 0.23076923076923078
1 0.6754807692307693 0.5841346153846154 0.18269230769230768 0.23076923076923078
1 0.8052884615384616 0.48197115384615385 0.17067307692307693 0.21634615384615385
1 0.9134615384615384 0.9134615384615384 0.14903846153846154 0.16826923076923078
1 0.18629807692307693 0.8449519230769231 0.16346153846153846 0.19230769230769232
1 0.14903846153846154 0.6105769230769231 0.15865384615384615 0.20673076923076922
1 0.8918269230769231 0.2704326923076923 0.12980769230769232 0.1875
1 0.8641826923076923 0.6875 0.12980769230769232 0.1875
1 0.8846153846153846 0.5084134615384616 0.12980769230769232 0.1875
1 0.4182692307692308 0.3449519230769231 0.10336538461538461 0.21875
1 0.35336538461538464 0.7860576923076923 0.14423076923076922 0.18269230769230768
1 0.27283653846153844 0.6189903846153846 0.15865384615384615 0.1778846153846154
1 0.38341346153846156 0.07211538461538461 0.15865384615384615 0.13942307692307693
1 0.7043269230769231 0.37740384615384615 0.13942307692307693 0.20432692307692307
2 0.2283653846153846 0.3137019230769231 0.3004807692307692 0.4230769230769231
0 0.49038461538461536 0.1622596153846154 0.0625 0.07932692307692307