1 0.49158653846153844 0.8990384615384616 0.21634615384615385 0.13942307692307693
1 0.3245192307692308 0.42427884615384615 0.1971153846153846 0.17067307692307693
1 0.4951923076923077 0.1658653846153846 0.19230769230769232 0.1778846153846154
1 0.25961538461538464 0.14903846153846154 0.21875 0.1778846153846154
1 0.7199519230769231 0.32211538461538464 0.21875 0.1778846153846154
1 0.7872596153846154 0.7512019230769231 0.19230769230769232 0.14903846153846154
1 0.09615384615384616 0.6694711538461539 0.19230769230769232 0.14903846153846154
1 0.14182692307692307 0.30528846153846156 0.19230769230769232 0.14903846153846154
1 0.8725961538461539 0.5612980769230769 0.19230769230769232 0.14903846153846154
1 0.38341346153846156 0.41586538461538464 0.1971153846153846 0.17067307692307693
1 0.46634615384615385 0.8665865384615384 0.21634615384615385 0.13942307692307693
2 0.4855769230769231 0.6177884615384616 0.4423076923076923 0.39663461538461536
0 0.20552884615384615 0.7752403846153846 0.09375 0.06971153846153846