1 0.17668269230769232 0.18028846153846154 0.1875 0.17307692307692307
1 0.21754807692307693 0.32572115384615385 0.20673076923076922 0.1778846153846154
1 0.5673076923076923 0.44471153846153844 0.20673076923076922 0.1778846153846154
1 0.5901442307692307 0.17548076923076922 0.18509615384615385 0.15865384615384615
1 0.43509615384615385 0.07211538461538461 0.25 0.13942307692307693
1 0.4651442307692308 0.2776442307692308 0.2403846153846154 0.1778846153846154
1 0.8317307692307693 0.8449519230769231 0.20673076923076922 0.1778846153846154
1 0.10096153846153846 0.7836538461538461 0.1971153846153846 0.16826923076923078
1 0.8449519230769231 0.5144230769230769 0.22115384615384615 0.19230769230769232
1 0.8413461538461539 0.24639423076923078 0.2668269230769231 0.19230769230769232
2 0.3605769230769231 0.7055288461538461 0.4567307692307692 0.3605769230769231
0 0.3161057692307692 0.44711538461538464 0.06490384615384616 0.055288461538461536