1 0.7247596153846154 0.10216346153846154 0.19230769230769232 0.19951923076923078
1 0.6935096153846154 0.9146634615384616 0.18509615384615385 0.1658653846153846
1 0.07451923076923077 0.6129807692307693 0.14423076923076922 0.22115384615384615
1 0.90625 0.3088942307692308 0.18269230769230768 0.17307692307692307
1 0.6189903846153846 0.3798076923076923 0.19230769230769232 0.20192307692307693
1 0.8052884615384616 0.7764423076923077 0.19230769230769232 0.20192307692307693
1 0.5240384615384616 0.7463942307692307 0.1778846153846154 0.21634615384615385
1 0.1346153846153846 0.16826923076923078 0.1875 0.24759615384615385
1 0.07451923076923077 0.3317307692307692 0.13701923076923078 0.20192307692307693
0 0.5612980769230769 0.22355769230769232 0.057692307692307696 0.07692307692307693
2 0.2980769230769231 0.7391826923076923 0.3245192307692308 0.3798076923076923