2 0.375 0.6802884615384616 0.2956730769230769 0.23557692307692307
1 0.5853365384615384 0.7848557692307693 0.21153846153846154 0.17067307692307693
1 0.6213942307692307 0.45552884615384615 0.25240384615384615 0.14182692307692307
1 0.6358173076923077 0.5144230769230769 0.25 0.11057692307692307
1 0.6850961538461539 0.5637019230769231 0.25 0.11057692307692307
1 0.7223557692307693 0.6033653846153846 0.25 0.11057692307692307
1 0.7307692307692307 0.6490384615384616 0.25 0.11057692307692307
1 0.5625 0.2247596153846154 0.21153846153846154 0.17067307692307693
1 0.5372596153846154 0.30408653846153844 0.21153846153846154 0.17067307692307693
1 0.7379807692307693 0.18389423076923078 0.21153846153846154 0.17067307692307693
1 0.796875 0.051682692307692304 0.21875 0.0985576923076923
1 0.2860576923076923 0.057692307692307696 0.20192307692307693 0.11057692307692307
1 0.1778846153846154 0.08533653846153846 0.20673076923076922 0.1658653846153846
1 0.2692307692307692 0.3629807692307692 0.23076923076923078 0.18028846153846154
1 0.09615384615384616 0.44471153846153844 0.1875 0.18269230769230768
1 0.8834134615384616 0.36538461538461536 0.2283653846153846 0.18269230769230768
1 0.9038461538461539 0.6370192307692307 0.1875 0.17307692307692307
1 0.15985576923076922 0.8197115384615384 0.22596153846153846 0.14903846153846154
1 0.09375 0.6177884615384616 0.18269230769230768 0.14423076923076922