1 0.7487980769230769 0.2800480769230769 0.17067307692307693 0.2644230769230769
1 0.28125 0.5721153846153846 0.18269230769230768 0.22115384615384615
1 0.20673076923076922 0.7439903846153846 0.14423076923076922 0.23076923076923078
1 0.4050480769230769 0.6995192307692307 0.18028846153846154 0.23798076923076922
1 0.10817307692307693 0.31009615384615385 0.14423076923076922 0.23317307692307693
1 0.8954326923076923 0.2536057692307692 0.1346153846153846 0.21634615384615385
1 0.7403846153846154 0.6610576923076923 0.16105769230769232 0.21634615384615385
1 0.8449519230769231 0.4855769230769231 0.20673076923076922 0.19230769230769232
1 0.5600961538461539 0.9326923076923077 0.17307692307692307 0.12980769230769232
1 0.3293269230769231 0.15985576923076922 0.2091346153846154 0.24759615384615385
0 0.6153846153846154 0.5552884615384616 0.0673076923076923 0.08173076923076923
0 0.17307692307692307 0.0673076923076923 0.0625 0.07211538461538461
2 0.5661057692307693 0.29927884615384615 0.2668269230769231 0.33653846153846156