1 0.7704326923076923 0.6838942307692307 0.15865384615384615 0.20432692307692307
1 0.6899038461538461 0.11298076923076923 0.17307692307692307 0.22115384615384615
1 0.5372596153846154 0.0889423076923077 0.17307692307692307 0.17307692307692307
1 0.3293269230769231 0.08173076923076923 0.1778846153846154 0.15865384615384615
1 0.9026442307692307 0.42788461538461536 0.14903846153846154 0.1778846153846154
1 0.35697115384615385 0.7247596153846154 0.15384615384615385 0.20673076923076922
1 0.5072115384615384 0.7704326923076923 0.15384615384615385 0.20673076923076922
1 0.8894230769230769 0.9098557692307693 0.13701923076923078 0.1778846153846154
1 0.6213942307692307 0.4651442307692308 0.20432692307692307 0.2620192307692308
1 0.4050480769230769 0.9098557692307693 0.15625 0.17548076923076922
1 0.296875 0.9098557692307693 0.15625 0.17548076923076922
1 0.24278846153846154 0.5576923076923077 0.15384615384615385 0.1778846153846154
1 0.125 0.07451923076923077 0.21153846153846154 0.14423076923076922
2 0.4387019230769231 0.3401442307692308 0.3605769230769231 0.35096153846153844
0 0.7824519230769231 0.0673076923076923 0.055288461538461536 0.08173076923076923