1 0.4951923076923077 0.6262019230769231 0.17307692307692307 0.17307692307692307
1 0.640625 0.4651442307692308 0.17307692307692307 0.17307692307692307
1 0.46274038461538464 0.4543269230769231 0.19951923076923078 0.16346153846153846
1 0.09254807692307693 0.44350961538461536 0.18269230769230768 0.16346153846153846
1 0.11177884615384616 0.24639423076923078 0.21875 0.16826923076923078
1 0.23076923076923078 0.5576923076923077 0.21153846153846154 0.18269230769230768
1 0.16105769230769232 0.8689903846153846 0.20673076923076922 0.1778846153846154
1 0.6983173076923077 0.09254807692307693 0.19951923076923078 0.16346153846153846
1 0.8641826923076923 0.4098557692307692 0.19951923076923078 0.16346153846153846
1 0.30408653846153844 0.8509615384615384 0.19951923076923078 0.16346153846153846
1 0.07091346153846154 0.7463942307692307 0.13701923076923078 0.10576923076923077
1 0.9206730769230769 0.08533653846153846 0.15384615384615385 0.12740384615384615
1 0.6670673076923077 0.3004807692307692 0.17067307692307693 0.1346153846153846
1 0.8762019230769231 0.27163461538461536 0.15865384615384615 0.11538461538461539
2 0.8413461538461539 0.5877403846153846 0.2403846153846154 0.23557692307692307
0 0.671875 0.5925480769230769 0.09375 0.0673076923076923
0 0.2283653846153846 0.4230769230769231 0.09375 0.0673076923076923