2 0.4675480769230769 0.5456730769230769 0.44711538461538464 0.33653846153846156
1 0.7536057692307693 0.30408653846153844 0.22115384615384615 0.17067307692307693
1 0.8653846153846154 0.23557692307692307 0.22115384615384615 0.17067307692307693
1 0.7848557692307693 0.06971153846153846 0.22115384615384615 0.13701923076923078
1 0.5504807692307693 0.22716346153846154 0.21875 0.20673076923076922
1 0.33413461538461536 0.26802884615384615 0.21875 0.20673076923076922
1 0.32572115384615385 0.8269230769230769 0.21875 0.2091346153846154
1 0.2956730769230769 0.9098557692307693 0.1971153846153846 0.17548076923076922
1 0.5432692307692307 0.9122596153846154 0.2403846153846154 0.17067307692307693
1 0.7692307692307693 0.8112980769230769 0.23798076923076922 0.17307692307692307
1 0.7728365384615384 0.6165865384615384 0.23798076923076922 0.19471153846153846
1 0.7896634615384616 0.4963942307692308 0.23798076923076922 0.19471153846153846
1 0.90625 0.5084134615384616 0.18269230769230768 0.19471153846153846
1 0.32572115384615385 0.10576923076923077 0.21153846153846154 0.17307692307692307
1 0.09014423076923077 0.9194711538461539 0.17548076923076922 0.15865384615384615
0 0.06370192307692307 0.7043269230769231 0.08173076923076923 0.06971153846153846
0 0.13701923076923078 0.7992788461538461 0.08173076923076923 0.06971153846153846
0 0.4699519230769231 0.11057692307692307 0.08173076923076923 0.06971153846153846