2 0.6766826923076923 0.1778846153846154 0.39903846153846156 0.28365384615384615
2 0.7536057692307693 0.5853365384615384 0.4519230769230769 0.4230769230769231
1 0.5661057692307693 0.3401442307692308 0.24759615384615385 0.15865384615384615
1 0.39663461538461536 0.18629807692307693 0.21875 0.15865384615384615
1 0.265625 0.13221153846153846 0.18269230769230768 0.12980769230769232
1 0.4362980769230769 0.49399038461538464 0.18269230769230768 0.12980769230769232
1 0.4639423076923077 0.5504807692307693 0.18269230769230768 0.12980769230769232
1 0.234375 0.48197115384615385 0.18269230769230768 0.12980769230769232
1 0.24639423076923078 0.5444711538461539 0.18269230769230768 0.12980769230769232
1 0.25721153846153844 0.5949519230769231 0.18269230769230768 0.12980769230769232
1 0.07211538461538461 0.7860576923076923 0.13942307692307693 0.1466346153846154
1 0.0733173076923077 0.5805288461538461 0.14182692307692307 0.18028846153846154
1 0.04567307692307692 0.39903846153846156 0.08653846153846154 0.17307692307692307
1 0.0829326923076923 0.09014423076923077 0.16346153846153846 0.12980769230769232
1 0.2764423076923077 0.7379807692307693 0.21875 0.20673076923076922
1 0.6057692307692307 0.9362980769230769 0.23076923076923078 0.12259615384615384
1 0.4519230769230769 0.9447115384615384 0.18269230769230768 0.10576923076923077
1 0.24759615384615385 0.9411057692307693 0.1778846153846154 0.11298076923076923