1 0.30649038461538464 0.26802884615384615 0.18269230769230768 0.2620192307692308
1 0.5096153846153846 0.23918269230769232 0.1658653846153846 0.17548076923076922
1 0.16346153846153846 0.47836538461538464 0.16346153846153846 0.3076923076923077
1 0.328125 0.6682692307692307 0.15625 0.21634615384615385
1 0.7872596153846154 0.08533653846153846 0.17548076923076922 0.16826923076923078
1 0.24278846153846154 0.9266826923076923 0.11778846153846154 0.14423076923076922
1 0.5805288461538461 0.8401442307692307 0.20432692307692307 0.22115384615384615
1 0.4338942307692308 0.8028846153846154 0.13701923076923078 0.1971153846153846
1 0.9206730769230769 0.4110576923076923 0.15384615384615385 0.23076923076923078
1 0.1310096153846154 0.15985576923076922 0.15625 0.23076923076923078
1 0.05889423076923077 0.90625 0.11298076923076923 0.18269230769230768
2 0.5504807692307693 0.5264423076923077 0.3125 0.36538461538461536
1 0.7608173076923077 0.5 0.1658653846153846 0.17548076923076922
1 0.6838942307692307 0.7463942307692307 0.1971153846153846 0.22596153846153846