1 0.6778846153846154 0.32091346153846156 0.17307692307692307 0.19951923076923078
1 0.8028846153846154 0.7463942307692307 0.20673076923076922 0.23076923076923078
1 0.5600961538461539 0.8245192307692307 0.15865384615384615 0.2548076923076923
1 0.09975961538461539 0.41947115384615385 0.16826923076923078 0.24519230769230768
1 0.19230769230769232 0.4699519230769231 0.18269230769230768 0.2692307692307692
1 0.35096153846153844 0.7379807692307693 0.16826923076923078 0.24759615384615385
1 0.3088942307692308 0.1971153846153846 0.19230769230769232 0.23557692307692307
1 0.4519230769230769 0.23317307692307693 0.18990384615384615 0.19230769230769232
1 0.14423076923076922 0.1201923076923077 0.21153846153846154 0.2283653846153846
1 0.6706730769230769 0.10576923076923077 0.1875 0.1971153846153846
1 0.9086538461538461 0.8942307692307693 0.1778846153846154 0.1778846153846154
1 0.12620192307692307 0.8173076923076923 0.18990384615384615 0.24759615384615385
1 0.8737980769230769 0.3557692307692308 0.15384615384615385 0.20673076923076922
1 0.9411057692307693 0.5661057692307693 0.11298076923076923 0.23798076923076922
1 0.7848557692307693 0.5408653846153846 0.24519230769230768 0.2403846153846154
2 0.49399038461538464 0.515625 0.40865384615384615 0.43990384615384615
0 0.53125 0.12379807692307693 0.0625 0.09375
0 0.24278846153846154 0.7848557692307693 0.08653846153846154 0.10096153846153846