1 0.5913461538461539 0.5540865384615384 0.19230769230769232 0.1778846153846154
1 0.41947115384615385 0.671875 0.23076923076923078 0.18269230769230768
1 0.41586538461538464 0.6754807692307693 0.23076923076923078 0.18269230769230768
1 0.5180288461538461 0.8052884615384616 0.21634615384615385 0.17067307692307693
1 0.08653846153846154 0.9134615384615384 0.16826923076923078 0.15144230769230768
1 0.15504807692307693 0.18629807692307693 0.19230769230769232 0.16346153846153846
1 0.3894230769230769 0.14903846153846154 0.20673076923076922 0.15865384615384615
1 0.7295673076923077 0.8918269230769231 0.1875 0.13221153846153846
1 0.3125 0.8641826923076923 0.1875 0.13221153846153846
1 0.49158653846153844 0.8846153846153846 0.1875 0.12980769230769232
1 0.6550480769230769 0.4182692307692308 0.21875 0.10336538461538461
1 0.21394230769230768 0.35336538461538464 0.18269230769230768 0.14423076923076922
1 0.38100961538461536 0.27283653846153844 0.1778846153846154 0.15865384615384615
1 0.9278846153846154 0.38341346153846156 0.13942307692307693 0.15865384615384615
1 0.6225961538461539 0.7043269230769231 0.20432692307692307 0.13942307692307693
2 0.6862980769230769 0.2283653846153846 0.4230769230769231 0.3004807692307692
0 0.8377403846153846 0.49038461538461536 0.07932692307692307 0.0625