1 0.875 0.8052884615384616 0.1778846153846154 0.22596153846153846
1 0.5877403846153846 0.7692307692307693 0.1778846153846154 0.22596153846153846
1 0.17067307692307693 0.609375 0.1778846153846154 0.22596153846153846
1 0.2932692307692308 0.23076923076923078 0.1778846153846154 0.22596153846153846
1 0.4026442307692308 0.4951923076923077 0.1778846153846154 0.22596153846153846
1 0.453125 0.6286057692307693 0.1778846153846154 0.22596153846153846
1 0.27884615384615385 0.7932692307692307 0.15865384615384615 0.22596153846153846
1 0.4735576923076923 0.09975961538461539 0.16346153846153846 0.1971153846153846
1 0.8004807692307693 0.6105769230769231 0.16346153846153846 0.1971153846153846
1 0.9230769230769231 0.5576923076923077 0.14903846153846154 0.23076923076923078
2 0.6862980769230769 0.3088942307692308 0.38221153846153844 0.4567307692307692