1 0.13581730769230768 0.17307692307692307 0.1971153846153846 0.21153846153846154
1 0.6754807692307693 0.3076923076923077 0.21634615384615385 0.2091346153846154
1 0.4387019230769231 0.5576923076923077 0.18990384615384615 0.19951923076923078
1 0.2956730769230769 0.7295673076923077 0.21634615384615385 0.15384615384615385
1 0.09134615384615384 0.8100961538461539 0.1778846153846154 0.16346153846153846
1 0.21875 0.5733173076923077 0.20673076923076922 0.16826923076923078
1 0.2704326923076923 0.44591346153846156 0.24519230769230768 0.19230769230769232
1 0.4723557692307692 0.34975961538461536 0.20673076923076922 0.16826923076923078
1 0.8786057692307693 0.8701923076923077 0.23798076923076922 0.15144230769230768
1 0.4879807692307692 0.20192307692307693 0.21153846153846154 0.15625
1 0.8942307692307693 0.3317307692307692 0.20673076923076922 0.16826923076923078
1 0.6334134615384616 0.9399038461538461 0.27403846153846156 0.11778846153846154
2 0.7367788461538461 0.6310096153846154 0.4519230769230769 0.3701923076923077