1 0.7427884615384616 0.5408653846153846 0.19230769230769232 0.2403846153846154
1 0.4411057692307692 0.8629807692307693 0.17307692307692307 0.1778846153846154
1 0.13942307692307693 0.10576923076923077 0.17307692307692307 0.20432692307692307
1 0.2776442307692308 0.59375 0.17307692307692307 0.20432692307692307
1 0.6598557692307693 0.3581730769230769 0.17307692307692307 0.20432692307692307
1 0.08533653846153846 0.40384615384615385 0.16826923076923078 0.23076923076923078
1 0.4699519230769231 0.3581730769230769 0.17307692307692307 0.20432692307692307
1 0.9086538461538461 0.21875 0.17307692307692307 0.20432692307692307
1 0.7283653846153846 0.08173076923076923 0.14903846153846154 0.15865384615384615
1 0.07211538461538461 0.7223557692307693 0.14182692307692307 0.19230769230769232
2 0.4963942307692308 0.6201923076923077 0.1971153846153846 0.30288461538461536
0 0.11658653846153846 0.8353365384615384 0.04326923076923077 0.057692307692307696
0 0.140625 0.9411057692307693 0.040865384615384616 0.08173076923076923