1 0.46033653846153844 0.5697115384615384 0.16346153846153846 0.21634615384615385
1 0.796875 0.1875 0.14423076923076922 0.1971153846153846
1 0.9074519230769231 0.49399038461538464 0.15625 0.21153846153846154
1 0.11538461538461539 0.29447115384615385 0.15865384615384615 0.22115384615384615
1 0.6682692307692307 0.5985576923076923 0.15865384615384615 0.22115384615384615
1 0.17067307692307693 0.5192307692307693 0.15865384615384615 0.22115384615384615
1 0.5324519230769231 0.09014423076923077 0.16346153846153846 0.1778846153846154
1 0.31850961538461536 0.6598557692307693 0.16346153846153846 0.1778846153846154
1 0.5853365384615384 0.9026442307692307 0.17067307692307693 0.19230769230769232
1 0.40024038461538464 0.9278846153846154 0.2091346153846154 0.13942307692307693
1 0.18269230769230768 0.8786057692307693 0.16826923076923078 0.23798076923076922
2 0.33653846153846156 0.27884615384615385 0.3389423076923077 0.4182692307692308
2 0.5985576923076923 0.3629807692307692 0.2403846153846154 0.3004807692307692
0 0.9699519230769231 0.8353365384615384 0.052884615384615384 0.0673076923076923